============

	std::string query_string = "SELECT values->'yvals' FROM data WHERE name='pure_curve'"
	                           " AND values->'yvals' IS NOT NULL AND values->'led' IS NOT NULL"
	                           " AND values->'version' IS NOT NULL"
	                           " AND values->'led'="+m_data->postgres.pqxx_quote(ledToAnalyse)+
	                           " AND values->'version'="+ m_data->postgres.pqxx_quote(pureref_ver);

	// repeat for the x-values
	query_string = "SELECT values->'xvals' FROM data WHERE name='pure_curve'"
	               " AND values->'xvals' IS NOT NULL AND values->'led' IS NOT NULL"
	               " AND values->'version' IS NOT NULL"
	               " AND values->'led'="+m_data->postgres.pqxx_quote(ledToAnalyse)+
	               " AND values->'version'="+ m_data->postgres.pqxx_quote(pureref_ver);

============

taken from ../GDConcMeasure/data/2022/06/00116_08Jun22Calib_00051.root using 'just_draw.cpp' to print wavelengths and dark-subtracted values.

psql -U postgres -d rundb -c "INSERT INTO data ( timestamp, name, values ) VALUES ( '2022-07-08 14:58', 'pure_curve', '{\"led\":\"275_A\", \"version\":0, \"yvals\":[0.176, -0.0735, 0.1165, 0.2455, -0.118, 0.333, 0.6405, 1.0775, 1.219, 1.0995, 0.885, 1.3695, 1.153, 1.1045, 1.23, 0.9415, 0.9415, 1.3945, 1.3025, 1.173, 1.158, 1.4845, 1.553, 0.993, 0.985, 1.4905, 1.536, 1.467, 1.234, 1.1315, 0.9845, 1.468, 1.2715, 1.106, 1.1745, 1.8085, 1.3825, 1.697, 1.2415, 1.4575, 1.5255, 1.256, 1.224, 1.9585, 0.9755, 1.471, 1.6635, 1.443, 1.501, 1.887, 1.368, 1.7285, 1.697, 1.68, 1.7065, 1.336, 1.6915, 1.8395, 1.518, 1.783, 1.6675, 1.421, 1.199, 1.5465, 1.6285, 1.951, 1.982, 2.0245, 1.7155, 1.516, 1.914, 1.482, 1.777, 1.747, 1.759, 1.569, 1.73, 1.3805, 2.329, 1.8235, 1.4265, 2.0965, 1.707, 2.1255, 1.8105, 1.9315, 1.954, 2.04, 2.1515, 2.6175, 1.9535, 2.618, 2.199, 2.701, 2.233, 2.282, 2.755, 2.355, 2.631, 2.5615, 2.6195, 2.707, 2.543, 2.646, 2.866, 2.4015, 3.161, 2.8615, 3.53, 2.7905, 2.563, 2.6355, 2.8705, 3.2275, 3.3315, 2.8865, 2.9885, 3.409, 3.2255, 3.3425, 3.3965, 3.458, 3.4825, 3.7895, 4.01, 3.8725, 4.1785, 4.247, 4.3835, 4.562, 5.044, 4.517, 4.705, 4.819, 4.9385, 4.6855, 5.533, 5.255, 5.5855, 5.707, 5.7085, 5.6905, 6.176, 6.06, 6.6905, 6.4115, 7.0005, 7.187, 7.2195, 7.5285, 8.112, 7.5905, 8.2, 8.871, 8.9725, 8.9125, 9.8015, 9.6005, 10.5555, 10.6315, 11.551, 12.06, 12.5725, 13.675, 14.1035, 15.039, 16.3805, 17.7725, 19.318, 20.9765, 23.1685, 26.0435, 28.185, 31.9355, 35.8675, 41.7805, 46.716, 53.535, 61.559, 70.9145, 81.871, 94.2985, 107.711, 124.571, 143.245, 166.257, 190.836, 219.138, 251.342, 288.913, 331.269, 379.175, 432.277, 489.868, 554.669, 626.838, 705.463, 791.678, 883.368, 983.656, 1090.36, 1204.96, 1325.82, 1452.5, 1585.95, 1722.88, 1863.95, 2006.98, 2150.24, 2295.42, 2440.14, 2582.89, 2721.28, 2857.48, 2988.71, 3111.87, 3224.22, 3325.19, 3421.26, 3501.37, 3564.66, 3621.84, 3663.38, 3698.94, 3714.61, 3717.43, 3708.43, 3689.3, 3657.47, 3615.51, 3564.65, 3506.84, 3444.78, 3375.75, 3293.95, 3210.59, 3123.42, 3032.33, 2935.69, 2844.9, 2751.61, 2655.77, 2561.84, 2469.09, 2376.54, 2284.54, 2196.32, 2110.43, 2026.08, 1941.8, 1860.91, 1782.95, 1707.72, 1633.61, 1562.2, 1492.2, 1424.95, 1362.14, 1298.41, 1240.28, 1183.89, 1129.83, 1077.06, 1025.52, 976.491, 930.399, 887.062, 844.13, 803.287, 765.592, 729.007, 695.06, 661.836, 629.964, 599.461, 573.65, 546.227, 521.597, 497.374, 474.994, 453.327, 434.273, 415.784, 398.835, 382.608, 366.848, 353.276, 339.238, 327.231, 314.777, 304.42, 294.01, 285.45, 276.974, 269.12, 261.108, 253.955, 247.207, 241.588, 235.354, 230.037, 225.29, 221.168, 216.197, 211.324, 208.042, 203.143, 199.477, 195.636, 191.186, 186.941, 182.079, 177.921, 173.661, 169.454, 165.122, 160.469, 155.42, 151.666, 146.373, 142.276, 137.35, 133.191, 127.837, 123.627, 119.32, 115.668, 111.159, 106.754, 102.914, 98.4985, 95.0395, 91.9775, 88.3205, 85.0555, 82.229, 78.9195, 76.2425, 72.812, 70.615, 68.317, 65.572, 63.5635, 60.8615, 58.6245, 56.2445, 54.559, 52.8595, 50.89, 48.631, 47.259, 45.776, 43.7575, 42.137, 40.8865, 39.1805, 37.5685, 36.7505, 35.541, 34.1895, 32.8665, 31.8875, 30.6505, 29.689, 29.068, 28.1345, 26.9985, 26.2075, 24.8885, 24.492, 23.48, 22.4965, 21.8165, 20.9805, 20.5225, 19.58, 19.139, 18.159, 17.552, 17.033, 16.6265, 16.123, 15.293, 15.1145, 14.6545, 13.546, 13.295, 13.144, 12.531, 11.875, 11.958, 11.9685, 10.845, 11.072, 10.78, 10.1595, 10.165, 10.0335, 9.5305, 9.2025, 8.6055, 8.7385, 8.1745, 8.478, 7.9745, 7.9345, 7.9535, 7.591, 7.5355, 7.4355, 7, 6.643, 6.7525, 6.5395, 6.782, 6.679, 6.248, 6.206, 5.81, 5.825, 6.1105, 5.641, 6.0135, 5.2865, 5.046, 5.89, 5.6795, 4.934, 5.4565, 4.9265, 5.157, 4.4105, 5.009, 4.6925, 4.4225, 4.2705, 4.4565, 4.638, 4.1975, 4.48, 4.2665, 4.2325, 4.17, 4.35, 4.3325, 4.035, 3.8665, 3.7295, 3.7455, 3.7845, 3.715, 4.14, 3.72, 3.637, 3.7105, 3.775, 3.646, 3.4775, 3.905, 3.6825, 3.237, 3.7125, 3.249, 3.108, 3.5525, 3.093, 3.1245, 3.2615, 3.479, 3.1185, 3.109, 3.07, 3.194, 3.1655, 3.2495, 3.049, 2.819, 2.9635, 3.595, 3.062, 2.877, 2.245, 2.8445, 2.9745, 2.8395, 3.12, 3.1575, 2.758, 3.0315, 3.248, 3.1275, 2.713, 3.1885, 3.037, 2.7185, 2.561, 2.5095, 2.7635, 2.7655, 2.398, 2.943, 2.847, 3.0035, 2.9895, 2.6175, 2.581, 2.8445, 2.902, 2.6465, 2.312, 2.369, 2.85, 2.6795, 2.733, 2.9375, 2.284, 2.722, 2.342, 2.7505, 2.5045, 2.642, 3.1025, 2.3185, 2.9165, 2.6645, 2.7245, 3.097, 2.2165, 2.846, 2.683, 2.2745, 2.8725, 2.5485, 3.028, 2.652, 2.8065, 2.612, 2.5745, 2.544, 2.6495, 2.675, 2.6475, 2.951, 2.491, 2.3825, 2.7465, 2.58, 2.654, 3.0795, 2.626, 2.3075, 2.356, 3.0665, 2.6505, 2.584, 3.0555, 2.6005, 3.236, 2.68, 2.3405, 2.9145, 2.3885, 2.728, 2.829, 2.879, 3.022, 3.18, 3.123, 2.9175, 2.757, 2.5105, 2.8085, 2.701, 2.8435, 2.6805, 2.94, 2.72, 2.915, 2.8005, 2.5255, 2.9175, 3.0155, 2.8185, 2.861, 2.8175, 2.7245, 3.102, 3.018, 3.0135, 2.9675, 3.239, 2.7085, 3.2135, 2.8915, 3.306, 2.642, 3.169, 3.536, 3.2955, 3.203, 3.2365, 3.5605, 3.1155, 3.1575, 3.553, 3.3965, 2.9855, 3.5465, 3.4075, 3.5605, 3.0745, 3.1295, 3.5425, 3.2955, 3.096, 3.412, 3.3445, 3.5615, 3.4835, 3.2145, 4.0995, 3.2035, 3.3625, 3.414, 3.6585, 3.291, 3.343, 3.496, 3.8735, 3.485, 3.1555, 3.4695, 3.7955, 3.509, 3.767, 3.781, 3.7505, 3.42, 3.5805, 3.931, 4.089, 3.971, 3.921, 3.3515, 4.1425, 3.925, 4.1165, 4.1255, 3.977, 3.7255, 4.1275, 3.9715, 4.4445, 4.468, 3.511, 4.051, 4.4065, 4.2555, 3.9995, 4.6185, 4.1445, 4.4875, 4.231, 4.304, 4.697, 4.391, 4.6175, 4.4085, 4.3935, 4.609, 4.0745, 4.5775, 4.883, 5.0475, 4.801, 4.427, 4.9275, 4.6195, 4.9575, 4.898, 4.86, 5.0325, 4.223, 5.2555, 5.229, 4.9025, 4.9405, 4.972, 4.493, 4.853, 4.736, 5.081, 4.337, 4.7625, 4.494, 5.0165, 4.62, 5.218, 4.492, 4.838, 4.8855, 4.8225, 4.7925, 4.4515, 4.8945, 4.59, 4.819, 4.631, 4.295, 4.8865, 4.627, 4.9425, 4.8625, 5.243, 5.124, 5.469, 4.9825, 5.3025, 4.4405, 4.981, 5.1045, 4.9025, 4.8665, 4.807, 4.73, 4.9525, 4.9575, 4.5095, 4.8115, 4.8, 5.233, 4.807, 4.679, 4.42, 4.5755, 4.44, 4.581, 4.826, 4.569, 4.904, 4.7045, 4.545, 5.112, 4.8235, 5.038, 4.679, 4.9075, 4.5205, 4.7645, 4.7325, 4.787, 4.5485, 4.6905, 4.279, 5.234, 4.585, 4.5905, 4.7985, 4.4165, 4.439, 4.441, 4.561, 4.5055, 4.578, 4.727, 4.614, 4.6265, 4.507, 4.8215, 4.707, 4.3335, 4.582, 4.6315, 4.6385, 4.825, 4.761, 4.5625, 4.4945, 4.3345, 4.6685, 4.625, 4.464, 4.8235, 4.617, 5.024, 4.513, 4.4185, 4.3615, 4.895, 4.391, 4.224, 4.8125, 4.5035, 4.274, 4.4165, 4.698, 4.634, 4.1565, 4.3045, 4.222, 4.368, 4.198, 4.1535, 4.7275, 4.667, 4.4635, 4.255, 3.9155, 4.1895, 4.42, 3.91, 4.264, 4.306, 3.793, 4.0785, 4.1605, 4.2165, 4.1115, 3.861, 4.0015, 4.115, 4.07, 3.817, 4.3825, 3.984, 4.2505, 3.517, 4.0965, 3.9485, 4.2265, 4.132, 3.996, 3.8575, 4.1155, 4.106, 4.0255, 3.875, 3.362, 3.311, 3.4135, 3.9375, 3.765, 3.677, 3.4565, 3.4045, 3.549, 3.45, 3.423, 3.6375, 3.221, 3.6235, 3.2715, 2.9945, 3.027, 3.323, 2.864, 3.138, 3.166, 2.7935, 3.0205, 3.1655, 2.909, 2.7685, 3.218, 3.46, 2.449, 2.9085, 2.8945, 2.6925, 2.88, 2.9135, 2.759, 2.954, 2.5575, 3.001, 2.8605, 2.486, 2.763, 2.565, 2.13, 2.6005, 2.6135, 2.5915, 2.2775, 1.8455, 2.3635, 2.675, 2.5725, 2.1475, 2.259, 2.05, 2.297, 2.299, 2.2685, 2.3665, 2.3005, 2.045, 2.5085, 2.486, 2.1325, 2.19, 1.995, 2.163, 1.736, 1.794, 1.9135, 1.7085, 1.8, 2.069, 2.1755, 1.714, 1.856, 1.553, 1.9025, 2.0895, 1.7245, 1.949, 1.704, 1.7285, 1.875, 1.6765, 1.6355, 1.9705, 1.523, 1.768, 1.774, 1.3295, 1.293, 1.931, 1.641, 1.4215, 2.0195, 1.102, 1.416, 1.695, 1.616, 1.5995, 1.5965, 1.3615, 1.4245, 1.3375, 1.317, 1.892, 1.2975, 1.9105, 1.7745, 1.3145, 1.353, 1.7305, 1.882, 1.508, 1.598, 1.66, 1.6085, 1.461, 1.4585, 1.536, 1.0175, 1.59, 1.3475, 1.403, 1.3255, 1.189, 1.3165, 1.1345, 1.347, 1.213, 1.547, 1.0175, 1.4285, 1.033, 1.217, 1.053, 1.2185, 1.239, 1.449, 1.312, 1.53, 1.216, 1.405, 1.396, 1.1855, 0.845, 1.331, 0.877, 1.4435, 1.5285, 1.337, 1.4975, 1.3055, 1.1945, 1.1085, 1.32, 0.989, 1.2145, 1.175, 1.1895, 1.3475, 0.882, 1.13, 1.3535, 1.0415, 1.211, 1.388, 1.234, 1.115, 1.2505, 0.906, 1.5955, 1.036, 1.2295, 1.0065, 1.004, 1.0645, 0.9435, 1.14, 1.2105, 1.2265, 1.183, 1.2465, 1.1, 1.3835, 1.1355, 0.989, 0.8975, 0.738, 1.104, 0.85, 0.8725, 0.75, 0.9555, 0.9575, 0.821, 1.1775, 1.007, 1.1805, 0.8765, 1.07, 0.87, 0.9415, 0.785, 0.66, 1.0685, 0.7395, 0.6335, 0.9535, 0.8885, 0.8865, 0.668, 0.7435, 0.5845, 0.706, 0.5905, 0.4975, 1.0795, 1.1155, 0.818, 0.8995, 0.5395, 0.6945, 0.571, 0.6, 0.541, 0.651, 0.6915, 0.747, 0.3805, 0.4755, 0.679, 0.693, 0.51, 0.564, 0.709, 0.5865, 0.47, 0.898, 0.551, 0.867, 0.42, 0.6345, 0.6265, -0.0335, 0.434, 0.9035, 0.553, 0.743, 0.358, 0.907, 0.7165, 0.509, 0.281, 0.802, 0.6595, 0.7905, 0.615, 0.852, 0.821, 0.674, 0.55, 0.5665, 0.7585, 0.078, 0.961, 0.7475, 0.758, 0.73, 0.865, 0.757, 0.5955, 0.5965, 0.402, 0.5905, 0.631, 0.8605, 0.747, -0.0625, 0.374, 0.5335, 0.2965, 0.3245, 0.734, 0.4675, 0.6835, 0.6935, 0.4505, 0.577, 0.2525, 0.6865, 0.787, 0.4465, 0.807, 0.255, 0.8395, 0.353, 0.6215, 0.88, 0.5175, 0.3735, 0.629, 0.5795, 0.728, 0.643, 0.409, 0.535, 0.3965, 0.1585, 0.324, 0.342, 0.218, 0.362, 0.614, 0.4005, 0.479, 0.5435, 0.471, 0.352, 0.283, 0.286, 0.4395, 0.2425, 0.5375, 0.3405, 0.4065, 0.3265, 0.007, 0.611, 7.438, 0.61, 0.367, 0.193, 0.3805, 0.4055, 0.045, 0.071, 0.1615, 0.351, 0.2865, 0.1735, 0.211, 0.3795, 0.311, 0.6825, 0.5805, 0.4245, 0.1985, 0.4635, 0.3465, 0.3775, 0.6395, 0.58, 0.6085, 0.2385, 0.215, 0.579, 0.597, 0.111, 0.708, 0.5315, 0.2505, 0.82, 0.4355, 0.356, 0.8645, 0.638, 0.338, 0.46, 0.7345, 0.593, 0.257, 0.93, 0.1715, 0.5135, 0.1685, 0.2335, -0.016, -0.089, 0.051, 0.594, 0.3115, 0.2895, 0.4975, -0.15, 0.044, -0.0905, 0.3985, -0.155, 0.0285, 0.444, -0.0265, 0.292, 0.1615, 0.2155, 0.312, 0.3435, -0.009, 0.2015, 0.541, 0.164, 0.4035, 0.221, 0.358, 0.3505, 0.663, 0.0995, 0.3825, 0.2655, 0.39, 0.496, 0.437, 0.476, 0.4845, 0.5435, 0.1565, 0.487, 0.223, 0.695, 0.769, 0.606, 0.2565, 0.391, 0.441, 0.3355, 0.389, 0.448, 0.4945, 0.4885, 0.6445, 0.311, 0.692, 0.5365, 0.4665, 0.026, 0.306, 0.317, 0.2945, 0.086, 0.289, 0.4295, 0.3535, 0.1285, 0.07, 0.4585, 0.4275, 0.421, 0.862, 0.7675, 0.337, 0.373, 0.396, 0.1, 0.1625, 0.789, 0.0705, 0.2105, 0.239, 0.2445, 0.3535, 0.592, 0.558, 0.244, 0.439, -0.018, 0.838, 0.3505, 0.5095, 0.3745, 0.111, 0.2425, 0.3975, 0.282, 0.5535, 0.7475, 0.038, 0.678, 0.1875, 0.439, 0.2935, 0.4595, -0.117, 0.431, 0.263, 0.4565, -0.2325, 1.035, 0.114, 0.5295, 0.4285, 0.064, 0.4975, 0.2325, 0.2005, 0.176, 0.4275, 0.465, 0.68, 0.1265, -0.035, 0.699, 0.1755, 0.0635, 0.0845, 0.0965, 0.389, 0.6405, 0.0235, 0.7625, 0.2725, 0.3625, 0.1965, 0.1425, 0.3365, 0.5005, -0.2785, 0.297, 0.597, -2.102, 0.0305, 0.465, 0.0755, 0.175, 0.106, 0.754, 0.7485, 0.0885, 0.0345, 0.001, 0.007, 0.459, 0.5385, 0.3205, 0.198, 0.1775, 0.1915, 0.512, 0.2965, 0.0945, -0.0155, 0.4305, -0.1055, 0.221, 0.162, 0.5335, -0.0485, 0.275, 0.209, 0.035, 0.168, 0.43, 0.0535, 0.1485, 0.099, -0.1675, 0.152, -0.181, 0.6435, -0.051, 0.0455, 0.0315, 0.1885, 0.4085, 0.2125, 0.2055, -0.238, 0.217, 0.0305, 0.0495, 0.36, -0.0495, 0.175, 0.139, 0.023, 0.527, 0.0175, 0.071, 0.0595, 0.291, 0.594, -0.1375, 0.512, 0.247, 0.2385, 0.435, -0.0295, 0.5865, 0.3385, 0.1705, -0.2355, 0.008, 0.538, 0.078, 0.312, 0.1575, 0.2665, 0.516, 0.497, 0.207, 0.0785, 0.3805, 0.291, 0.241, 0.3195, -0.066, 0.1695, 0.6775, 0.365, -0.19, -0.076, 0.1985, 0.113, 0.3485, 0.258, 0.0205, -0.1655, 0.217, -0.032, 0.146, -0.1375, 0.012, 0.5505, -0.214, -0.158, 0.172, 0.1485, 0.205, 0.1425, 0.1665, 0.5965, -0.2715, 0.369, 0.024, 0.292, 0.326, 0.1725, 0.028, -0.029, -0.0035, 0.695, 0.082, 0.3195, 0.235, 0.077, 0.179, -0.17, 0.0525, 0.435, -0.162, -0.0925, 0.1165, -0.448, 0.131, 0.0565, 0.087, 0.394, -0.269, -0.0095, -0.027, 0.3315, -0.1275, 0.133, 0.149, -0.066, -0.2175, 0.0365, -0.658, 0.0475, 0.086, -0.1175, -0.146, -0.0895, -0.497, 0.047, 0.0655, -0.2445, 0.1595, 0.081, 0.228, -0.384, 0.2305, 0.1665, 0.586, 0.5075, 0.2725, -0.065, -0.011, -0.016, 0.044, 0.3725, 0.005, 0.222, 0.464, -0.026, 0.095, 0.3825, 0.305, 0.1915, 0.1185, 0.611, -0.156, 0.2795, 0.4745, 0.3525, -0.061, -0.0285, 0.3925, 0.5635, 0.277, 0.118, 0.3335, 0.1705, 0.4085, 0.4865, -0.27, 0.435, 0.2105, 0.022, 0.376, 0.269, 0.274, 0.268, 0.4, 0.3615, 0.7175, 0.4995, 0.619, 0.2985, 0.409, 0.1155, 0.487, 0.304, 0.3315, 0.6565, 0.5295, 0.2145, 0.5655, 0.3985, 0.658, 0.794, 0.573, 0.527, 0.306, 0.1785, 0.235, 0.0635, 0.568, 0.368, 0.3825, 0.1745, 0.1425, 0.813, 0.519, 0.3175, 0.3925, 0.374, 0.239, 0.643, 0.207, 0.5075, 0.2425, 0.461, 0.489, 0.514, 0.1355, 0.317, 0.9265, -0.294, -0.256, 0.178, -6.9655, 0.174, -0.105, 0.153, -0.094, 0.1595, -0.013, -0.3695, -0.0105, 0.5905, 0.0675, -0.0005, -0.1975, 0.0965, 0.0985, -0.2145, 0.315, 0.221, -0.179, -0.0875, 0.093, -0.0995, 0.1475, 0.22, 0.1855, -0.2415, 0.0965, 0.2135, 0.0345, 0.4335, 0.219, -0.383, 0.012, -0.3265, 0.3865, -0.28, 0.3075, 0.302, 0.021, -0.097, 0.2895, 0.202, 0.096, 0.2965, -0.087, 0.5735, 0.502, 0.439, 0.1515, -0.3585, 0.268, 0.133, -0.235, 0.1195, 0.3245, -0.2115, 0.0005, 0.3765, 0.1985, 0.204, 0.153, 0.343, -0.023, 0.0535, 0.466, -0.132, -0.123, -0.1045, 0.2875, 0.074, 0.0405, -0.0525, -0.1775, 0.3915, 0.31, 0.199, 0.268, 0.203, 0.275, -0.145, -0.191, 0.165, 0.0415, 0.1625, 0.6205, 0.269, 0.057, 0.2315, 0.074, 0.421, -0.056, 0.144, 0.5225, 0.366, 0.189, 0.185, 0.0245, 0.281, 0.416, -0.0225, -0.125, 0.4155, 0.019, -0.007, 0.3075, 0.3415, -0.404, -0.0395, -0.099, 0.407, 0.332, -0.075, -0.147, -0.244, 0.196, -0.2185, 0.4145, -0.098, -0.0255, 0.196, -0.2085, -0.0315, 0.204, 0.0995, 0.046, 0.0885, 0.2295, 0.228, 0.0655, 0.6985, 0.35, 0.2085, -0.15, -0.08, 0.0205, 0.0155, 0.105, 0.18, 0.1265, 0.0415, 0.029, -0.0845, -0.1745, 0.072, 0.2865, 0.3605, 0.0315, 0.448, 0.244, -0.1865, 0.0665, 0.415, 0.1275, 0.262, -0.487, 0.085, 0.3375, 0.3115, 0.088, 0.0045, 0.2545, 0.362, 0.5305, 0.324, 0.021, 0.152, 0.0275, 0.0015, 0.336, 0.264, -0.0295, 0.0085, 0.734, 0.228, 0.3625, 0.212, 0.2885, 0.449, 0.719, 0.305, 0.2725, 0.139, 0.2735, 0.365, 0.4245, 0.3185, 0.35, 0.1905, 0.476, 0.414, 0.4985, 0.2835, 0.665, -0.034, -0.1295, 0.337, 0.3165, 0.476, 0.134, 0.527, 0.2175, 0.162, 0.413, 0.0925, 0.1955, 0.405, 0.425, -0.2165, 0.44, 0.6845, -0.155, 0.444, -0.1135, -0.1805, 0.74, 0.2295, 0.3915, 0.0735, 0.6365, 0.145, 0.326, 0.1545, -0.104, -0.237, 0.6665, 0.2365, 0.1215, 0.1135, 0.3935, 0.213, 0.0675, 0.225, 0.0185, 0.3765, 0.234, 0.1765, -0.045, 0.569, 0.359, -0.058, 0.376, -0.0065, 0.1905, 0.13, 0.6235, 0.343, 0.582, 0.2125, 0.001, 0.43, -0.31, -0.5145, -0.076, -0.0905, 0.2315, -0.304, -0.3275, 0.064, 0.542, 0.1755, 0.0325, 0.489, 0.3985, -0.119, 0.4695, -0.3855, 0.1015, 0.174, -0.436, 0.588, 0.2295, 0.0825, 0.052, -0.291, -0.07, -0.08, -0.0015, -0.0565, -0.0995, -0.1075, -0.015, 0.025, -0.0645, 0.421, -0.131, 0.1695, -0.409, -0.2185, -0.178, -0.0845, 0.2115, 0.0575, -0.155, -0.0665, -0.2925, 0.39, 0.032, 0.0245, 0.07, 0.096, 0.133, 0.297, 0.3945, -0.13, -0.342, 0.1095, -0.112, -0.397, 0.181, -0.2925, 0.307, 0.03, -0.0405, 0.074, 0.199, 0.4555, 0.492, 0.3065, -0.4915, 0.3065, 0.2255, 0.334, 0.0105, 0.1535, -0.004, -0.1655, 0.21, 0.413, -0.0245, 0.3725, 0.4215, 0.1355, 0.2635, 0.1325, 0.052, 0.3075, 0.203, 0.014, 0.157, 0.22, 0.1135, -0.264, 0.052, 0.4125, 0.72, -0.123, 0.417, 0.087, 0.266, 0.024, 0.224, 0.3305, 0.3215, 0.2995, 0.1925, 0.514, 0.4355, 0.292, 0.436, 0.289, 0.4465, 0.1055, -0.112, 0.1515, -0.141, 0.6895, 0.7225, 0.3315, 0.628, 0.011, -0.2245, 0.3045, 0.1595, 0.4125, 0.334, 0.5085, 0.3845, 0.461, 0.421, 0.3925, 0.24, 0.3755, 0.0625, 0.2435, -0.022, 0.085, 0.2355, 0.4205, 0.3215, 0.415, 0.3615, -0.1305, 0.4955, 0.8205, 0.3245, 0.617, -0.0375, -0.0465, 0.2215, 0.3965, 0.454, 0.2805, 0.212, 0.055, -0.3735, -0.012, 0.0835, 0.31, 0.0775, -0.003, 0.529, 0.3675, 0.4215, 0.611, 0.1925, 0.322, -0.056, 0.2245, 0.4175, 0.4335, 0.7235, 0.3805, 0.11, 0.0815, 0.41, 0.17, 0.826, 0.3075, 0.313, 0.027, 0.035, 0.406, 0.4775, 0.587, -0.0095, 0.3625, 0.2835, 0.378, 0.1855, 0.183, 0.3025, 0.1715, 0.142, 0.3165, -0.05, 0.036, 0.069, -0.127, 0.2325, 0.498, 0.127, 0.06, -0.0345, 0.327, 0.316, 0.309, -0.393, -0.068, -0.0135, 0.1185, 0.1245], \"xvals\":[195.784, 196.155, 196.527, 196.898, 197.269, 197.641, 198.012, 198.383, 198.754, 199.125, 199.496, 199.866, 200.237, 200.607, 200.978, 201.348, 201.719, 202.089, 202.459, 202.829, 203.199, 203.569, 203.939, 204.308, 204.678, 205.047, 205.417, 205.786, 206.155, 206.524, 206.894, 207.263, 207.631, 208, 208.369, 208.738, 209.106, 209.475, 209.843, 210.211, 210.58, 210.948, 211.316, 211.684, 212.052, 212.419, 212.787, 213.155, 213.522, 213.89, 214.257, 214.624, 214.991, 215.358, 215.726, 216.092, 216.459, 216.826, 217.193, 217.559, 217.926, 218.292, 218.658, 219.025, 219.391, 219.757, 220.123, 220.489, 220.855, 221.22, 221.586, 221.951, 222.317, 222.682, 223.048, 223.413, 223.778, 224.143, 224.508, 224.873, 225.238, 225.602, 225.967, 226.331, 226.696, 227.06, 227.424, 227.789, 228.153, 228.517, 228.881, 229.244, 229.608, 229.972, 230.335, 230.699, 231.062, 231.426, 231.789, 232.152, 232.515, 232.878, 233.241, 233.604, 233.966, 234.329, 234.692, 235.054, 235.417, 235.779, 236.141, 236.503, 236.865, 237.227, 237.589, 237.951, 238.313, 238.674, 239.036, 239.397, 239.759, 240.12, 240.481, 240.842, 241.203, 241.564, 241.925, 242.286, 242.646, 243.007, 243.368, 243.728, 244.088, 244.449, 244.809, 245.169, 245.529, 245.889, 246.249, 246.608, 246.968, 247.328, 247.687, 248.047, 248.406, 248.765, 249.124, 249.483, 249.842, 250.201, 250.56, 250.919, 251.278, 251.636, 251.995, 252.353, 252.711, 253.07, 253.428, 253.786, 254.144, 254.502, 254.859, 255.217, 255.575, 255.932, 256.29, 256.647, 257.005, 257.362, 257.719, 258.076, 258.433, 258.79, 259.147, 259.503, 259.86, 260.217, 260.573, 260.93, 261.286, 261.642, 261.998, 262.354, 262.71, 263.066, 263.422, 263.778, 264.133, 264.489, 264.844, 265.2, 265.555, 265.91, 266.265, 266.62, 266.975, 267.33, 267.685, 268.04, 268.394, 268.749, 269.103, 269.458, 269.812, 270.166, 270.52, 270.875, 271.228, 271.582, 271.936, 272.29, 272.644, 272.997, 273.351, 273.704, 274.057, 274.41, 274.764, 275.117, 275.47, 275.823, 276.175, 276.528, 276.881, 277.233, 277.586, 277.938, 278.29, 278.643, 278.995, 279.347, 279.699, 280.051, 280.402, 280.754, 281.106, 281.457, 281.809, 282.16, 282.512, 282.863, 283.214, 283.565, 283.916, 284.267, 284.618, 284.968, 285.319, 285.67, 286.02, 286.371, 286.721, 287.071, 287.421, 287.771, 288.121, 288.471, 288.821, 289.171, 289.521, 289.87, 290.22, 290.569, 290.918, 291.268, 291.617, 291.966, 292.315, 292.664, 293.013, 293.361, 293.71, 294.059, 294.407, 294.756, 295.104, 295.452, 295.8, 296.148, 296.497, 296.844, 297.192, 297.54, 297.888, 298.235, 298.583, 298.93, 299.278, 299.625, 299.972, 300.319, 300.666, 301.013, 301.36, 301.707, 302.054, 302.4, 302.747, 303.093, 303.44, 303.786, 304.132, 304.478, 304.824, 305.17, 305.516, 305.862, 306.208, 306.554, 306.899, 307.245, 307.59, 307.935, 308.281, 308.626, 308.971, 309.316, 309.661, 310.006, 310.35, 310.695, 311.04, 311.384, 311.728, 312.073, 312.417, 312.761, 313.105, 313.449, 313.793, 314.137, 314.481, 314.825, 315.168, 315.512, 315.855, 316.199, 316.542, 316.885, 317.228, 317.571, 317.914, 318.257, 318.6, 318.943, 319.285, 319.628, 319.971, 320.313, 320.655, 320.997, 321.34, 321.682, 322.024, 322.366, 322.708, 323.049, 323.391, 323.733, 324.074, 324.416, 324.757, 325.098, 325.439, 325.78, 326.122, 326.462, 326.803, 327.144, 327.485, 327.825, 328.166, 328.507, 328.847, 329.187, 329.527, 329.868, 330.208, 330.548, 330.888, 331.227, 331.567, 331.907, 332.246, 332.586, 332.925, 333.265, 333.604, 333.943, 334.282, 334.621, 334.96, 335.299, 335.638, 335.977, 336.315, 336.654, 336.992, 337.331, 337.669, 338.007, 338.345, 338.683, 339.021, 339.359, 339.697, 340.035, 340.373, 340.71, 341.048, 341.385, 341.723, 342.06, 342.397, 342.734, 343.071, 343.408, 343.745, 344.082, 344.419, 344.755, 345.092, 345.428, 345.765, 346.101, 346.437, 346.773, 347.109, 347.445, 347.781, 348.117, 348.453, 348.789, 349.124, 349.46, 349.795, 350.131, 350.466, 350.801, 351.136, 351.471, 351.806, 352.141, 352.476, 352.811, 353.145, 353.48, 353.815, 354.149, 354.483, 354.818, 355.152, 355.486, 355.82, 356.154, 356.488, 356.822, 357.155, 357.489, 357.822, 358.156, 358.489, 358.823, 359.156, 359.489, 359.822, 360.155, 360.488, 360.821, 361.154, 361.486, 361.819, 362.152, 362.484, 362.816, 363.149, 363.481, 363.813, 364.145, 364.477, 364.809, 365.141, 365.473, 365.804, 366.136, 366.467, 366.799, 367.13, 367.461, 367.793, 368.124, 368.455, 368.786, 369.117, 369.448, 369.778, 370.109, 370.439, 370.77, 371.1, 371.431, 371.761, 372.091, 372.421, 372.751, 373.081, 373.411, 373.741, 374.071, 374.4, 374.73, 375.059, 375.389, 375.718, 376.047, 376.377, 376.706, 377.035, 377.364, 377.693, 378.021, 378.35, 378.679, 379.007, 379.336, 379.664, 379.992, 380.321, 380.649, 380.977, 381.305, 381.633, 381.961, 382.289, 382.616, 382.944, 383.271, 383.599, 383.926, 384.254, 384.581, 384.908, 385.235, 385.562, 385.889, 386.216, 386.543, 386.869, 387.196, 387.523, 387.849, 388.175, 388.502, 388.828, 389.154, 389.48, 389.806, 390.132, 390.458, 390.784, 391.109, 391.435, 391.761, 392.086, 392.411, 392.737, 393.062, 393.387, 393.712, 394.037, 394.362, 394.687, 395.012, 395.337, 395.661, 395.986, 396.31, 396.635, 396.959, 397.283, 397.607, 397.931, 398.255, 398.579, 398.903, 399.227, 399.551, 399.874, 400.198, 400.521, 400.845, 401.168, 401.491, 401.814, 402.138, 402.461, 402.784, 403.106, 403.429, 403.752, 404.075, 404.397, 404.72, 405.042, 405.364, 405.687, 406.009, 406.331, 406.653, 406.975, 407.297, 407.619, 407.94, 408.262, 408.583, 408.905, 409.226, 409.548, 409.869, 410.19, 410.511, 410.832, 411.153, 411.474, 411.795, 412.116, 412.436, 412.757, 413.078, 413.398, 413.718, 414.039, 414.359, 414.679, 414.999, 415.319, 415.639, 415.959, 416.279, 416.598, 416.918, 417.237, 417.557, 417.876, 418.195, 418.515, 418.834, 419.153, 419.472, 419.791, 420.11, 420.428, 420.747, 421.066, 421.384, 421.703, 422.021, 422.34, 422.658, 422.976, 423.294, 423.612, 423.93, 424.248, 424.566, 424.883, 425.201, 425.519, 425.836, 426.154, 426.471, 426.788, 427.105, 427.423, 427.74, 428.057, 428.373, 428.69, 429.007, 429.324, 429.64, 429.957, 430.273, 430.59, 430.906, 431.222, 431.538, 431.854, 432.17, 432.486, 432.802, 433.118, 433.434, 433.749, 434.065, 434.38, 434.696, 435.011, 435.326, 435.642, 435.957, 436.272, 436.587, 436.902, 437.216, 437.531, 437.846, 438.16, 438.475, 438.789, 439.104, 439.418, 439.732, 440.046, 440.36, 440.674, 440.988, 441.302, 441.616, 441.93, 442.243, 442.557, 442.87, 443.184, 443.497, 443.81, 444.124, 444.437, 444.75, 445.063, 445.376, 445.688, 446.001, 446.314, 446.626, 446.939, 447.251, 447.564, 447.876, 448.188, 448.5, 448.812, 449.124, 449.436, 449.748, 450.06, 450.372, 450.683, 450.995, 451.306, 451.618, 451.929, 452.24, 452.552, 452.863, 453.174, 453.485, 453.796, 454.107, 454.417, 454.728, 455.039, 455.349, 455.66, 455.97, 456.28, 456.59, 456.901, 457.211, 457.521, 457.831, 458.141, 458.45, 458.76, 459.07, 459.379, 459.689, 459.998, 460.308, 460.617, 460.926, 461.235, 461.544, 461.853, 462.162, 462.471, 462.78, 463.089, 463.397, 463.706, 464.014, 464.323, 464.631, 464.939, 465.248, 465.556, 465.864, 466.172, 466.48, 466.788, 467.095, 467.403, 467.711, 468.018, 468.326, 468.633, 468.94, 469.248, 469.555, 469.862, 470.169, 470.476, 470.783, 471.09, 471.396, 471.703, 472.01, 472.316, 472.623, 472.929, 473.235, 473.542, 473.848, 474.154, 474.46, 474.766, 475.072, 475.378, 475.683, 475.989, 476.295, 476.6, 476.906, 477.211, 477.516, 477.821, 478.127, 478.432, 478.737, 479.042, 479.347, 479.651, 479.956, 480.261, 480.565, 480.87, 481.174, 481.479, 481.783, 482.087, 482.391, 482.695, 482.999, 483.303, 483.607, 483.911, 484.215, 484.519, 484.822, 485.126, 485.429, 485.732, 486.036, 486.339, 486.642, 486.945, 487.248, 487.551, 487.854, 488.157, 488.46, 488.762, 489.065, 489.367, 489.67, 489.972, 490.274, 490.577, 490.879, 491.181, 491.483, 491.785, 492.087, 492.389, 492.69, 492.992, 493.294, 493.595, 493.897, 494.198, 494.499, 494.8, 495.102, 495.403, 495.704, 496.005, 496.306, 496.606, 496.907, 497.208, 497.508, 497.809, 498.109, 498.41, 498.71, 499.01, 499.31, 499.611, 499.911, 500.211, 500.51, 500.81, 501.11, 501.41, 501.709, 502.009, 502.308, 502.608, 502.907, 503.206, 503.506, 503.805, 504.104, 504.403, 504.702, 505, 505.299, 505.598, 505.896, 506.195, 506.494, 506.792, 507.09, 507.389, 507.687, 507.985, 508.283, 508.581, 508.879, 509.177, 509.475, 509.772, 510.07, 510.367, 510.665, 510.962, 511.26, 511.557, 511.854, 512.151, 512.448, 512.745, 513.042, 513.339, 513.636, 513.933, 514.23, 514.526, 514.823, 515.119, 515.415, 515.712, 516.008, 516.304, 516.6, 516.896, 517.192, 517.488, 517.784, 518.08, 518.376, 518.671, 518.967, 519.262, 519.558, 519.853, 520.148, 520.443, 520.739, 521.034, 521.329, 521.624, 521.918, 522.213, 522.508, 522.803, 523.097, 523.392, 523.686, 523.98, 524.275, 524.569, 524.863, 525.157, 525.451, 525.745, 526.039, 526.333, 526.627, 526.92, 527.214, 527.508, 527.801, 528.094, 528.388, 528.681, 528.974, 529.267, 529.56, 529.853, 530.146, 530.439, 530.732, 531.025, 531.317, 531.61, 531.902, 532.195, 532.487, 532.78, 533.072, 533.364, 533.656, 533.948, 534.24, 534.532, 534.824, 535.116, 535.407, 535.699, 535.99, 536.282, 536.573, 536.865, 537.156, 537.447, 537.738, 538.029, 538.32, 538.611, 538.902, 539.193, 539.484, 539.774, 540.065, 540.356, 540.646, 540.936, 541.227, 541.517, 541.807, 542.097, 542.387, 542.677, 542.967, 543.257, 543.547, 543.837, 544.126, 544.416, 544.705, 544.995, 545.284, 545.573, 545.863, 546.152, 546.441, 546.73, 547.019, 547.308, 547.597, 547.885, 548.174, 548.463, 548.751, 549.04, 549.328, 549.617, 549.905, 550.193, 550.481, 550.769, 551.057, 551.345, 551.633, 551.921, 552.209, 552.496, 552.784, 553.072, 553.359, 553.647, 553.934, 554.221, 554.508, 554.795, 555.083, 555.37, 555.657, 555.943, 556.23, 556.517, 556.804, 557.09, 557.377, 557.663, 557.95, 558.236, 558.522, 558.808, 559.095, 559.381, 559.667, 559.953, 560.239, 560.524, 560.81, 561.096, 561.381, 561.667, 561.952, 562.238, 562.523, 562.808, 563.094, 563.379, 563.664, 563.949, 564.234, 564.519, 564.803, 565.088, 565.373, 565.657, 565.942, 566.226, 566.511, 566.795, 567.079, 567.364, 567.648, 567.932, 568.216, 568.5, 568.784, 569.067, 569.351, 569.635, 569.918, 570.202, 570.485, 570.769, 571.052, 571.335, 571.619, 571.902, 572.185, 572.468, 572.751, 573.034, 573.317, 573.599, 573.882, 574.165, 574.447, 574.73, 575.012, 575.294, 575.577, 575.859, 576.141, 576.423, 576.705, 576.987, 577.269, 577.551, 577.833, 578.114, 578.396, 578.677, 578.959, 579.24, 579.522, 579.803, 580.084, 580.365, 580.647, 580.928, 581.209, 581.489, 581.77, 582.051, 582.332, 582.612, 582.893, 583.174, 583.454, 583.734, 584.015, 584.295, 584.575, 584.855, 585.135, 585.415, 585.695, 585.975, 586.255, 586.535, 586.814, 587.094, 587.373, 587.653, 587.932, 588.212, 588.491, 588.77, 589.049, 589.328, 589.607, 589.886, 590.165, 590.444, 590.723, 591.001, 591.28, 591.559, 591.837, 592.115, 592.394, 592.672, 592.95, 593.229, 593.507, 593.785, 594.063, 594.341, 594.618, 594.896, 595.174, 595.452, 595.729, 596.007, 596.284, 596.562, 596.839, 597.116, 597.393, 597.67, 597.947, 598.225, 598.501, 598.778, 599.055, 599.332, 599.609, 599.885, 600.162, 600.438, 600.715, 600.991, 601.267, 601.544, 601.82, 602.096, 602.372, 602.648, 602.924, 603.2, 603.475, 603.751, 604.027, 604.302, 604.578, 604.853, 605.129, 605.404, 605.679, 605.955, 606.23, 606.505, 606.78, 607.055, 607.33, 607.604, 607.879, 608.154, 608.429, 608.703, 608.978, 609.252, 609.526, 609.801, 610.075, 610.349, 610.623, 610.897, 611.171, 611.445, 611.719, 611.993, 612.267, 612.54, 612.814, 613.088, 613.361, 613.634, 613.908, 614.181, 614.454, 614.728, 615.001, 615.274, 615.547, 615.82, 616.092, 616.365, 616.638, 616.911, 617.183, 617.456, 617.728, 618.001, 618.273, 618.545, 618.818, 619.09, 619.362, 619.634, 619.906, 620.178, 620.45, 620.721, 620.993, 621.265, 621.536, 621.808, 622.079, 622.351, 622.622, 622.893, 623.164, 623.436, 623.707, 623.978, 624.249, 624.52, 624.79, 625.061, 625.332, 625.603, 625.873, 626.144, 626.414, 626.685, 626.955, 627.225, 627.495, 627.766, 628.036, 628.306, 628.576, 628.846, 629.115, 629.385, 629.655, 629.925, 630.194, 630.464, 630.733, 631.002, 631.272, 631.541, 631.81, 632.079, 632.349, 632.618, 632.887, 633.155, 633.424, 633.693, 633.962, 634.23, 634.499, 634.768, 635.036, 635.304, 635.573, 635.841, 636.109, 636.377, 636.646, 636.914, 637.182, 637.449, 637.717, 637.985, 638.253, 638.52, 638.788, 639.056, 639.323, 639.591, 639.858, 640.125, 640.392, 640.66, 640.927, 641.194, 641.461, 641.728, 641.995, 642.261, 642.528, 642.795, 643.061, 643.328, 643.594, 643.861, 644.127, 644.394, 644.66, 644.926, 645.192, 645.458, 645.724, 645.99, 646.256, 646.522, 646.788, 647.053, 647.319, 647.584, 647.85, 648.115, 648.381, 648.646, 648.911, 649.177, 649.442, 649.707, 649.972, 650.237, 650.502, 650.767, 651.031, 651.296, 651.561, 651.825, 652.09, 652.354, 652.619, 652.883, 653.147, 653.412, 653.676, 653.94, 654.204, 654.468, 654.732, 654.996, 655.26, 655.523, 655.787, 656.051, 656.314, 656.578, 656.841, 657.105, 657.368, 657.631, 657.894, 658.157, 658.421, 658.684, 658.947, 659.209, 659.472, 659.735, 659.998, 660.26, 660.523, 660.786, 661.048, 661.31, 661.573, 661.835, 662.097, 662.36, 662.622, 662.884, 663.146, 663.408, 663.67, 663.931, 664.193, 664.455, 664.716, 664.978, 665.24, 665.501, 665.762, 666.024, 666.285, 666.546, 666.807, 667.068, 667.329, 667.59, 667.851, 668.112, 668.373, 668.634, 668.894, 669.155, 669.416, 669.676, 669.937, 670.197, 670.457, 670.718, 670.978, 671.238, 671.498, 671.758, 672.018, 672.278, 672.538, 672.797, 673.057, 673.317, 673.576, 673.836, 674.096, 674.355, 674.614, 674.874, 675.133, 675.392, 675.651, 675.91, 676.169, 676.428, 676.687, 676.946, 677.205, 677.463, 677.722, 677.981, 678.239, 678.498, 678.756, 679.015, 679.273, 679.531, 679.789, 680.047, 680.305, 680.564, 680.821, 681.079, 681.337, 681.595, 681.853, 682.11, 682.368, 682.625, 682.883, 683.14, 683.398, 683.655, 683.912, 684.169, 684.427, 684.684, 684.941, 685.198, 685.455, 685.711, 685.968, 686.225, 686.482, 686.738, 686.995, 687.251, 687.508, 687.764, 688.02, 688.277, 688.533, 688.789, 689.045, 689.301, 689.557, 689.813, 690.069, 690.324, 690.58, 690.836, 691.091, 691.347, 691.603, 691.858, 692.113, 692.369, 692.624, 692.879, 693.134, 693.389, 693.644, 693.899, 694.154, 694.409, 694.664, 694.919, 695.173, 695.428, 695.683, 695.937, 696.192, 696.446, 696.7, 696.955, 697.209, 697.463, 697.717, 697.971, 698.225, 698.479, 698.733, 698.987, 699.24, 699.494, 699.748, 700.001, 700.255, 700.508, 700.762, 701.015, 701.268, 701.522, 701.775, 702.028, 702.281, 702.534, 702.787, 703.04, 703.293, 703.546, 703.798, 704.051, 704.304, 704.556, 704.809, 705.061, 705.313, 705.566, 705.818, 706.07, 706.322, 706.575, 706.827, 707.079, 707.33, 707.582, 707.834, 708.086, 708.338, 708.589, 708.841, 709.092, 709.344, 709.595, 709.847, 710.098, 710.349, 710.6, 710.851, 711.103, 711.354, 711.605, 711.855, 712.106, 712.357, 712.608, 712.858, 713.109, 713.36, 713.61, 713.861, 714.111, 714.361, 714.612, 714.862, 715.112, 715.362, 715.612, 715.862, 716.112, 716.362, 716.612, 716.862, 717.111, 717.361, 717.611, 717.86, 718.11, 718.359, 718.608, 718.858, 719.107, 719.356, 719.605, 719.855, 720.104, 720.353, 720.601, 720.85, 721.099, 721.348, 721.597, 721.845, 722.094, 722.342, 722.591, 722.839, 723.088, 723.336, 723.584, 723.833, 724.081, 724.329, 724.577, 724.825, 725.073, 725.321, 725.568, 725.816, 726.064, 726.311, 726.559, 726.807, 727.054, 727.302, 727.549, 727.796, 728.043, 728.291, 728.538, 728.785, 729.032, 729.279, 729.526, 729.773, 730.02, 730.266, 730.513, 730.76, 731.006, 731.253, 731.499, 731.746, 731.992, 732.238, 732.485, 732.731, 732.977, 733.223, 733.469, 733.715, 733.961, 734.207, 734.453, 734.699, 734.944, 735.19, 735.436, 735.681, 735.927, 736.172, 736.417, 736.663, 736.908, 737.153, 737.398, 737.643, 737.889, 738.134, 738.378, 738.623, 738.868, 739.113, 739.358, 739.602, 739.847, 740.092, 740.336, 740.58, 740.825, 741.069, 741.314, 741.558, 741.802, 742.046, 742.29, 742.534, 742.778, 743.022, 743.266, 743.51, 743.753, 743.997, 744.241, 744.484, 744.728, 744.971, 745.215, 745.458, 745.701, 745.945, 746.188, 746.431, 746.674, 746.917, 747.16, 747.403, 747.646, 747.889, 748.132, 748.374, 748.617, 748.86, 749.102, 749.345, 749.587, 749.829, 750.072, 750.314, 750.556, 750.798, 751.041, 751.283, 751.525, 751.767, 752.009, 752.25, 752.492, 752.734, 752.976, 753.217, 753.459, 753.7, 753.942, 754.183, 754.425, 754.666, 754.907, 755.148, 755.39, 755.631, 755.872, 756.113, 756.354, 756.595, 756.835, 757.076, 757.317, 757.558, 757.798, 758.039, 758.279, 758.52, 758.76, 759.001, 759.241, 759.481, 759.721, 759.961, 760.202, 760.442, 760.682, 760.921, 761.161, 761.401, 761.641, 761.881, 762.12, 762.36, 762.6, 762.839, 763.078, 763.318, 763.557, 763.797, 764.036, 764.275, 764.514, 764.753, 764.992, 765.231, 765.47, 765.709, 765.948, 766.187, 766.425, 766.664, 766.903, 767.141, 767.38, 767.618, 767.856, 768.095, 768.333, 768.571, 768.81, 769.048, 769.286, 769.524, 769.762, 770, 770.238, 770.475, 770.713, 770.951, 771.189, 771.426, 771.664, 771.901, 772.139, 772.376, 772.613, 772.851, 773.088, 773.325, 773.562, 773.799, 774.037, 774.274, 774.51, 774.747, 774.984, 775.221, 775.458, 775.694, 775.931, 776.168, 776.404, 776.641, 776.877, 777.113, 777.35, 777.586, 777.822, 778.058, 778.294, 778.53, 778.766, 779.002, 779.238, 779.474, 779.71, 779.946, 780.181, 780.417, 780.653, 780.888, 781.124, 781.359, 781.594, 781.83, 782.065, 782.3, 782.535, 782.771, 783.006, 783.241, 783.476, 783.711, 783.945, 784.18, 784.415, 784.65, 784.884, 785.119, 785.354, 785.588, 785.823, 786.057, 786.291, 786.526, 786.76, 786.994, 787.228, 787.462, 787.696, 787.93, 788.164, 788.398, 788.632, 788.866, 789.1, 789.333, 789.567, 789.801, 790.034, 790.268, 790.501, 790.734, 790.968, 791.201, 791.434, 791.668, 791.901, 792.134, 792.367, 792.6, 792.833, 793.066, 793.298, 793.531, 793.764, 793.997, 794.229, 794.462, 794.694, 794.927, 795.159, 795.392, 795.624, 795.856, 796.088, 796.321, 796.553, 796.785, 797.017, 797.249, 797.481, 797.713, 797.944, 798.176, 798.408, 798.64, 798.871, 799.103, 799.334, 799.566, 799.797, 800.029, 800.26, 800.491, 800.722, 800.954, 801.185, 801.416, 801.647, 801.878, 802.109, 802.34, 802.57, 802.801, 803.032, 803.263, 803.493, 803.724, 803.954, 804.185, 804.415, 804.646] }' );"

psql -U postgres -d rundb -c "INSERT INTO data ( timestamp, name, values ) VALUES ( '2022-07-08 14:58', 'pure_curve', '{\"led\":\"275_B\", \"version\":0, \"yvals\":[-0.8605, -0.745, -0.7285, -0.517, -0.485, -0.9665, -0.476, 0.0545, -0.1505, -0.421, -0.1535, -0.0345, 0.2445, 0.1565, 0.0275, -0.2235, -0.109, 0.231, -0.0875, 0.2075, -0.123, 0.4095, 0.2035, 0.037, 0.0605, -0.1875, -0.006, -0.0655, -0.132, -0.3255, 0.1285, 0.0875, -0.2325, -0.0295, 0.5965, 0.032, -0.2685, 0.3625, 0.086, 0.0215, -0.285, 0.274, 0.074, 0.0715, 0.3535, 0.3695, -0.1595, 0.1925, 0.276, -0.307, 0.582, 0.034, 0.1835, 0.478, 0.0725, -0.0665, 0.803, 0.0295, 0.1385, 0.651, 0.4595, 0.224, 0.7745, 0.0975, 0.776, 0.992, 0.7815, 0.5425, 0.1855, 0.6665, 0.32, 0.2675, 0.4825, 0.7165, 0.529, 0.712, 0.733, 0.7055, 0.847, 0.9275, 0.6105, 0.696, 0.6085, 0.246, 0.5965, 0.343, 0.476, 1.41, 0.8405, 0.7765, 0.646, 0.82, 0.701, 1.0215, 0.9395, 0.7525, 0.9055, 1.183, 1.239, 1.081, 0.8965, 1.129, 1.239, 1.46, 1.2725, 1.2065, 1.186, 1.2075, 1.253, 1.1725, 1.3855, 1.5405, 1.5065, 1.674, 2.1195, 2.0385, 1.239, 1.849, 1.6355, 2.3765, 1.8195, 2.025, 2.3955, 2.0385, 2.0655, 2.398, 2.028, 2.4885, 2.622, 2.2945, 2.852, 2.9275, 2.826, 2.9955, 3.094, 2.9965, 3.3235, 3.1075, 3.727, 3.433, 3.8265, 3.9885, 4.014, 3.67, 4.3675, 4.565, 4.834, 4.693, 5.04, 5.116, 5.0265, 5.6435, 5.484, 5.948, 5.957, 6.4045, 6.5955, 7.0195, 6.893, 7.729, 7.889, 8.3985, 8.5885, 9.514, 9.874, 10.301, 11.3995, 12.139, 13.4425, 14.4565, 15.7125, 17.041, 19.18, 21.7705, 23.647, 26.8305, 30.526, 34.7315, 39.369, 44.8405, 51.764, 59.5705, 69.2495, 80.028, 92.698, 108.003, 126.81, 146.287, 171.025, 198.033, 230.957, 267.357, 309.942, 357.335, 412.553, 474.169, 540.982, 618.752, 702.908, 796.495, 896.564, 1008.58, 1126.9, 1255.14, 1390.56, 1532.89, 1680.47, 1832.85, 1986.9, 2146.33, 2300.22, 2456.07, 2604.88, 2749.94, 2885.83, 3012.93, 3124.85, 3220.29, 3303.07, 3363.65, 3403.79, 3428.82, 3431.95, 3422.83, 3391.05, 3341.81, 3276.03, 3198.94, 3105.37, 3005.6, 2896.45, 2781.63, 2662.96, 2544.28, 2420.51, 2300.43, 2178.77, 2060.81, 1947.33, 1839.68, 1737.04, 1638.63, 1546.72, 1458.89, 1373.76, 1295.84, 1222.39, 1153.44, 1086.78, 1025.4, 967.093, 912.131, 861.664, 812.956, 766.838, 723.195, 682.825, 644.482, 608.069, 574.872, 543.74, 513.533, 484.813, 457.818, 433.807, 409.78, 388.206, 367.747, 347.888, 329.733, 313.106, 296.763, 281.249, 267.029, 253.133, 240.768, 228.713, 217.224, 207.038, 196.529, 187.135, 178.358, 169.833, 162.208, 154.518, 147.483, 140.908, 134.813, 129.397, 123.058, 117.982, 112.842, 108.431, 103.887, 100.029, 96.4235, 91.7005, 88.8745, 85.2665, 82.8035, 79.8725, 76.746, 73.9695, 71.5625, 69.3665, 67.268, 65.054, 63.271, 61.575, 59.874, 57.885, 56.3285, 54.687, 53.5165, 52.2405, 50.529, 49.642, 48.389, 47.2775, 46.1905, 45.192, 44.0715, 43.2635, 41.9655, 41.461, 40.504, 39.4045, 38.386, 38.0905, 36.9895, 36.8505, 35.7185, 34.318, 34.231, 33.0545, 32.767, 31.5325, 30.9465, 30.411, 29.446, 28.7545, 28.573, 27.8605, 27.222, 26.492, 25.86, 25.3335, 25.1785, 24.1265, 23.4275, 23.175, 22.96, 22.1125, 21.46, 21.4535, 20.1145, 20.5365, 19.843, 19.0105, 19.0095, 18.1045, 18.021, 17.709, 17.187, 17.12, 16.6385, 15.7525, 15.652, 15.5995, 15.529, 14.6915, 14.859, 14.502, 14.117, 14.1315, 13.615, 13.4405, 13.141, 13.054, 12.5585, 12.15, 11.9975, 11.704, 11.383, 10.8545, 11.204, 10.3725, 10.952, 10.154, 10.302, 9.9725, 9.831, 9.699, 9.247, 9.418, 8.976, 8.8065, 8.7215, 8.296, 7.985, 8.4965, 7.8285, 7.548, 7.652, 7.816, 7.474, 7.532, 6.988, 7.4625, 7.181, 7.442, 7.233, 6.7035, 6.618, 6.8855, 6.872, 6.7095, 6.581, 6.1, 5.7695, 6.5815, 5.802, 6.196, 6.118, 5.7975, 6.0215, 6.037, 6.1245, 5.8495, 5.8805, 6.0145, 5.543, 5.839, 5.2695, 5.655, 5.3635, 5.0115, 5.564, 5.559, 5.256, 5.242, 5.2045, 5.5035, 4.913, 5.226, 5.0145, 4.948, 5.2905, 5.2045, 5.167, 4.8715, 5.0175, 4.677, 4.9525, 5.016, 5.233, 4.8615, 5.2095, 5.08, 4.686, 5.58, 5.168, 5.076, 4.9425, 5.4415, 5.265, 5.318, 5.445, 5.634, 5.0415, 5.8195, 6.1445, 5.984, 5.9285, 6.0445, 6.428, 5.8735, 5.525, 6.41, 6.1805, 6.072, 6.5235, 6.175, 6.3395, 5.8795, 6.2165, 6.1415, 5.936, 5.5915, 6.077, 5.79, 5.7795, 5.7005, 5.7445, 5.329, 5.1735, 5.274, 5.2815, 5.2435, 5.727, 5.0985, 5.104, 5.1205, 5.1605, 5.1205, 5.397, 5.375, 5.182, 5.3765, 5.2585, 5.141, 5.5345, 5.3635, 5.136, 5.465, 5.2555, 5.894, 5.5365, 5.394, 5.59, 5.6705, 6.102, 6.071, 6.588, 6.0275, 5.971, 5.5655, 6.3495, 6.787, 6.66, 6.9215, 6.2525, 7.1725, 6.951, 6.8275, 6.861, 7.4535, 7.9835, 7.593, 8.027, 8.28, 8.2655, 8.487, 8.518, 8.3375, 8.6675, 8.822, 8.7045, 9.5025, 9.258, 9.518, 9.8275, 9.707, 9.8475, 10.5925, 10.5475, 10.134, 11.032, 10.964, 11.512, 11.812, 11.4155, 11.944, 12.24, 12.221, 12.1305, 12.197, 12.6815, 12.5905, 12.9145, 13.266, 13.314, 13.296, 14.1575, 14.145, 14.002, 13.9655, 14.6895, 14.6365, 14.784, 14.8095, 15.308, 15.815, 15.626, 15.9915, 16.004, 16.173, 16.214, 16.7485, 16.606, 17.003, 17.4165, 16.8505, 17.191, 17.3295, 17.401, 17.6125, 17.975, 18.146, 18.0485, 18.461, 18.2275, 18.699, 18.671, 18.634, 18.623, 18.947, 19.4955, 19.111, 19.3235, 19.751, 19.9365, 19.837, 19.917, 20.1425, 19.7145, 19.797, 20.266, 20.2815, 20.271, 20.713, 20.942, 20.8505, 21.17, 21.2465, 21.1245, 20.834, 21.3135, 21.676, 21.4425, 21.24, 21.471, 21.6725, 21.545, 21.461, 21.308, 21.866, 21.6645, 21.4955, 21.707, 21.7935, 21.6825, 21.75, 21.926, 21.9915, 21.926, 21.859, 21.4135, 21.925, 21.6405, 21.873, 21.508, 21.6875, 22.202, 21.85, 21.692, 21.965, 21.2175, 21.2515, 21.65, 21.642, 21.4265, 21.205, 20.9335, 20.9535, 21.081, 20.922, 20.9105, 20.894, 20.601, 20.5125, 20.4525, 20.572, 20.269, 20.526, 20.669, 20.1595, 20.2105, 19.9135, 20.029, 19.791, 19.578, 19.566, 19.488, 19.141, 19.0905, 19.0285, 18.59, 18.537, 17.605, 17.672, 16.8745, 17.3965, 16.8365, 15.801, 16.2495, 15.9225, 16.376, 15.8455, 16.198, 16.0275, 16.392, 16.103, 16.2195, 15.6205, 15.642, 16.0275, 15.7695, 15.702, 15.731, 15.946, 15.047, 15.2775, 15.2585, 15.4495, 15.373, 14.9475, 14.8835, 14.728, 14.015, 14.086, 13.78, 14.0345, 13.463, 13.298, 13.2375, 13.073, 12.998, 12.551, 12.376, 12.5985, 12.3745, 11.935, 12.258, 11.28, 11.7245, 11.2535, 11.616, 11.1145, 11.232, 11.226, 10.871, 11.283, 10.858, 10.424, 10.472, 10.387, 10.252, 10.68, 9.9525, 10.606, 9.9625, 9.8015, 10.0115, 9.6355, 9.3495, 9.8125, 9.4015, 9.525, 9.6935, 9.1915, 9.574, 9.121, 9.168, 9.1185, 8.964, 8.5715, 8.811, 8.675, 8.4035, 8.5515, 8.4885, 7.9655, 8.098, 8.1665, 8.3665, 7.9835, 8.206, 8.037, 7.854, 7.9135, 8.0295, 7.4265, 7.1685, 7.794, 7.26, 7.279, 7.318, 7.2055, 7.2275, 7.0195, 6.8435, 6.9705, 6.697, 7.0075, 6.864, 6.64, 6.4345, 6.357, 6.5505, 6.7205, 6.5235, 6.1895, 6.131, 6.3755, 6.234, 6.3315, 5.931, 6.264, 6.356, 5.564, 6.3865, 6.0305, 6.0625, 5.5485, 5.6205, 5.458, 5.427, 5.5075, 5.396, 5.2425, 5.277, 4.957, 5.341, 5.3085, 4.5575, 5.3545, 4.99, 5.442, 5.181, 4.8805, 5.462, 5.0755, 4.743, 5.3275, 4.876, 4.3895, 4.768, 4.171, 4.806, 4.698, 4.8315, 4.426, 4.397, 4.327, 3.9105, 4.1365, 4.3485, 4.1915, 4.047, 4.6045, 3.858, 3.757, 4.066, 3.7925, 4.4255, 3.728, 3.88, 3.586, 4.425, 3.844, 3.4985, 3.608, 3.7935, 3.484, 3.964, 3.9805, 4.124, 3.516, 3.573, 3.625, 3.483, 3.6325, 3.1855, 2.8625, 3.115, 3.2965, 3.3145, 3.3975, 3.2015, 2.728, 3.172, 3.3105, 3.113, 3.35, 2.953, 3.272, 2.8665, 2.871, 2.7885, 2.7355, 2.575, 2.493, 3.0395, 2.8045, 2.3545, 2.519, 2.35, 2.77, 2.758, 2.606, 2.6955, 2.3315, 2.5295, 2.324, 2.4935, 2.108, 2.45, 2.002, 2.74, 2.071, 2.126, 2.075, 2.2525, 2.1405, 2.47, 2.4005, 2.2365, 2.139, 1.7875, 2.568, 2.122, 2.113, 1.905, 2.252, 2.2275, 2.371, 1.8695, 2.3475, 1.9295, 1.7445, 1.554, 1.8135, 1.8545, 1.79, 1.696, 2.086, 1.9175, 1.684, 2.0215, 1.855, 1.2885, 1.661, 1.441, 1.4675, 1.4235, 1.603, 1.6355, 1.513, 1.649, 1.7725, 1.16, 1.4725, 1.443, 1.72, 1.5715, 0.9005, 1.5415, 1.602, 1.3245, 1.2735, 1.377, 1.1325, 0.7225, 1.9605, 1.2185, 1.0185, 1.606, 1.1985, 1.237, 1.762, 1.21, 1.1315, 1.2135, 1.044, 1.4585, 0.78, 1.207, 1.317, 1.41, 1.015, 1.46, 1.328, 1.192, 0.972, 1.063, 1.1045, 0.687, 1.2805, 0.8525, 1.4275, 1.1945, 1.1935, 0.628, 0.9475, 0.787, 0.6655, 0.9245, 1.868, 0.9525, 0.7785, 0.949, 0.6075, 0.3385, 0.714, 0.9025, 0.822, 0.887, 1.013, 1.249, 1.074, 1.0305, 0.715, 0.424, 0.8275, 0.9685, 0.91, 0.826, 0.659, 0.696, 0.4745, 0.646, 0.9385, 0.5315, 0.039, 0.48, 0.662, 1.069, 0.272, 0.4705, 0.864, 0.662, 0.446, 0.699, 0.526, 0.552, 0.343, 0.411, 0.361, 0.5515, -0.0405, 0.28, 0.348, 0.5145, 0.7695, 0.6175, 0.7035, 0.518, -0.0065, 0.525, 0.106, 0.522, 0.295, 0.424, 0.0655, 0.444, 0.3425, 0.206, 0.3445, 0.076, 0.253, 0.9455, 0.354, 0.57, 0.0615, -0.056, 0.238, 0.533, 0.2575, 0.242, 0.1295, -0.077, -0.212, 0.5755, 0.595, 0.0495, 0.2155, -0.0545, 0.0125, 0.531, 0.4625, -0.018, -0.039, 0.245, -0.004, 0.019, 0.608, 0.3235, 0.121, 0.0115, -0.188, -0.076, 0.006, -0.2705, -0.08, 0.013, 0.029, 0.2905, 0.106, -0.035, -0.0275, -0.288, 0.3635, -0.1685, 0.367, -0.067, 0.3345, 0.2445, -0.0265, -0.167, -0.05, -0.414, -0.1155, 0.112, -0.3155, 0.317, 0.361, -0.292, 0.2135, 0.087, -0.203, -0.1405, 0.126, -0.086, 0.1915, -0.274, -0.1515, -0.3625, 0.2945, -0.204, -0.041, -0.1365, -0.146, -0.041, 0.047, -0.4785, -0.065, -0.0865, 0.1645, -0.3885, -0.209, 0.1815, -0.262, 0.0605, -0.2315, 0.0025, -0.4265, -0.2795, -0.015, 0.2235, -0.5985, 0.008, -0.261, 0.111, -0.3945, -0.121, -0.0215, -0.249, 0.0415, -0.4365, -0.421, -0.3365, -0.288, -0.2115, -0.3175, -0.119, -0.0985, -0.0095, -0.4455, -0.3055, -0.557, -0.118, -0.3945, -0.3625, -0.2955, -0.4735, -0.563, -0.626, -0.246, -0.484, -0.6255, -0.023, -0.5175, -0.4585, -0.695, -0.553, -0.439, -0.1675, -0.665, -0.3815, -0.582, -0.615, -0.44, -0.002, -0.502, -0.3555, -0.3675, -0.517, -0.122, -0.4545, -0.4395, -0.9075, -0.2505, -0.5945, -0.637, -0.3645, -0.6075, -0.752, -0.812, -0.258, -0.7895, -0.87, -0.127, -0.3355, -0.3035, -0.774, -0.6385, -0.4835, -0.31, -0.431, -0.3495, -0.4725, -0.447, -0.3985, -0.621, -0.345, -0.8595, -0.356, -0.4225, -0.178, -0.529, -0.3645, -0.423, -0.3915, -0.667, -0.6105, -0.3725, -0.4215, 0.205, -0.3975, -0.735, -0.557, -0.836, -0.46, -0.7105, -0.113, -0.827, -0.293, -0.477, -0.5895, -0.3505, -0.8745, -0.4715, -0.533, -0.459, -0.632, -0.295, -0.577, -0.3545, -0.647, -0.9165, -0.9515, -0.7995, -1.044, -0.9865, -0.858, -0.7395, -0.6975, -0.8005, -0.8625, -0.711, -0.331, -0.7955, -1.359, -0.8695, -0.8145, -0.7765, -1.0815, -0.6995, -1.022, -0.7925, -0.648, -0.8035, -0.737, -1.01, -0.8285, -0.988, -0.811, -1.0155, -0.8575, -0.7725, -0.693, -0.6465, -0.966, -0.8635, -0.4795, -0.857, -1.0475, -0.493, -0.9905, -0.669, -0.752, -0.652, -0.3765, -0.767, -0.7595, -1.2, -0.657, -0.606, -0.768, -0.663, -0.8895, -0.8045, -0.7035, -0.905, -0.5255, -0.8025, -0.7335, -0.9025, -0.769, -0.5815, -0.6495, -0.7045, -0.6905, -0.7195, -0.637, -0.2535, -1.046, -0.7235, -1.1135, -0.8985, -0.466, -0.799, -1.0805, -0.9035, -0.8345, -0.7655, -0.3225, -0.5955, -0.653, -0.3665, -1.033, -0.7565, -0.544, -0.929, -1.4535, -0.7385, -0.459, -0.808, -0.4755, -0.782, -0.91, -0.4715, -0.225, -0.3825, -6.1315, -0.7015, -0.598, -1.1185, -0.2505, -0.6365, -0.507, -0.8195, -0.4165, -0.661, -0.5865, -0.396, -0.466, -0.498, -0.6235, -0.5065, -0.678, -0.2645, -0.5385, -0.2565, -0.337, -0.8525, -0.3935, -0.783, -0.474, -0.8295, -0.4955, -0.9585, -0.7055, -0.4115, -0.4995, -0.739, -0.9805, -0.994, -0.9905, -0.699, -0.4075, -0.519, -0.7365, -0.811, -0.4085, -0.664, -1.0495, -0.6165, -0.8185, -1.024, -0.896, -0.989, -0.816, -0.947, -0.8715, -0.687, -0.3885, -0.8115, -0.2595, -0.47, -0.7575, -0.238, -0.726, -0.46, -0.6025, -0.918, -0.782, -0.539, -0.4595, -0.5405, -0.538, -0.3025, -0.793, -0.897, -0.8895, -0.5585, -0.621, -0.832, -0.388, -0.795, -0.9395, -0.69, -1.047, -0.6435, -0.464, -1.054, -0.859, -1.293, -0.75, -1.029, -0.1545, -0.6345, -0.594, -1.2405, -0.9395, -0.7425, -0.7885, -0.341, -0.544, -0.5445, -1.022, -0.821, -0.619, -0.693, -0.528, -0.5915, -0.662, -0.6395, -0.718, -0.6665, -0.694, -0.6205, -0.706, -0.6785, -0.4605, -1.1775, -0.766, -0.4325, -0.906, -0.8395, -0.881, -0.4715, -0.591, -1.0575, -0.4395, -0.6125, -0.899, -1.1685, -0.817, -0.843, -0.574, -0.9025, -0.622, -0.553, -0.8885, -0.656, -0.9895, -0.904, -0.611, -0.681, -0.744, -0.902, -0.7315, -0.9255, -0.808, -0.2765, -0.6155, -0.4605, -0.813, -0.6505, -0.7255, -0.483, -0.8145, -0.785, -0.635, -0.8685, -0.4855, -0.429, -0.79, -0.5265, -0.906, -0.543, -0.4175, -0.7365, -0.4985, -0.593, -0.946, -0.837, -0.721, -1.195, -0.789, -0.643, -0.7375, -1.051, -0.799, -0.4895, -0.9565, -0.6605, -0.507, -0.6, -0.597, -0.3175, -0.789, -0.6295, -0.77, -0.5245, -0.7165, -0.732, -0.438, -0.644, -0.5235, -0.8475, -0.8685, -0.372, -0.865, -0.7785, -0.4935, -0.637, -0.798, -0.2165, -0.93, -0.568, -0.9125, -0.4265, -0.5775, -0.7455, -0.8455, -0.8055, -0.225, -0.388, -0.8855, -0.787, -0.3855, -1.3855, -0.671, -0.558, -1.26, -0.6365, -0.557, -1.184, -0.8325, -0.9385, -0.9695, -0.5745, -0.917, -1.011, -1.163, -0.5925, -0.3665, -0.6005, -0.888, -0.4615, -0.968, -0.7935, -0.5725, -1.246, -0.4815, -0.8465, -0.7615, -0.9515, -0.7755, -0.435, -0.7145, -0.5735, -0.733, -0.779, -0.77, -1.0875, -0.523, -1.1795, -0.6305, -0.574, -0.741, -1.084, -1.1835, -1.0855, -0.365, -0.649, -0.9795, -0.921, -0.3585, -1.0085, -0.769, -0.5095, -1.2215, -0.39, -0.846, -1.022, -0.9555, -0.8635, -0.8505, -1.177, -0.925, -0.572, -0.542, -0.9285, -1.202, -0.742, -0.68, -0.8325, -1.019, -0.7925, -1.032, -0.607, -0.166, -0.542, -0.608, -0.793, -1.1595, -0.6685, -0.841, -0.9875, -0.883, -1.216, -0.602, -0.646, -0.849, -1.054, -0.6055, -1.0225, -0.724, -1.44, -0.798, -0.5455, -1.029, -0.8935, -0.47, -0.644, -0.62, -0.392, -0.706, -0.746, -1.228, -0.7865, -0.912, -0.612, -0.994, -0.267, -0.759, -1.0345, -1.245, -0.899, -1.1385, -0.666, -0.176, -0.334, -0.708, -0.6015, -0.898, -0.6365, -0.4735, -0.5185, -0.716, -0.714, -0.938, -1.076, -0.8515, -1.172, -0.82, -0.7315, -0.3375, -0.764, -0.753, -0.6405, -0.6095, -0.551, -1.0715, -0.4665, -0.413, -0.928, -0.467, -0.7795, -1.089, -0.855, -0.755, -0.9505, -0.711, -0.566, -0.744, -0.081, -0.8855, -0.6495, -0.768, -0.8445, -1.0985, -1.1305, -0.646, -0.3555, -0.7625, -0.6805, -0.863, -0.7705, -0.355, -0.8575, -0.8325, -0.671, -0.7165, -0.438, -0.5605, -0.7125, -0.592, -0.5145, -0.3025, -0.5175, -0.905, -0.7865, -0.721, -0.7895, -0.8545, -1.086, -0.637, -1.1365, -0.605, -1.119, -0.5645, -0.566, -0.794, -0.9735, -0.4725, -1.1035, -0.8035, -0.6255, -1.006, -0.854, -0.9815, -0.765, -0.8355, -1.071, -0.839, -0.805, -1.255, -0.469, -0.8885, -1.3605, -0.44, -1.003, -0.9205, -1.002, -0.7205, -0.722, -1.2665, -0.8725, -0.6695, -0.9995, -0.6095, -0.925, -0.7275, -1.0115, -0.913, -0.8115, -0.5815, -0.5945, -0.631, -0.4955, -0.468, -0.652, -0.8365, -1.1955, -0.6945, -0.9575, -0.384, -0.8825, -0.8865, -0.557, -0.8235, -0.606, -0.496, -0.857, -0.663, -0.8615, -0.6145, -0.8515, -1.0175, -1.1585, -0.738, -0.6145, -0.5035, -0.7905, -0.556, -1.065, -1.12, -0.963, -0.6345, -0.6205, -0.5275, -0.6035, -0.8785, -0.23, -0.185, -0.426, -0.9375, -0.775, -0.3825, -1.1135, -0.638, -0.7905, -0.818, -0.593, -0.768, -0.63, -0.793, -0.6745, -0.36, -0.501, -1.0015, -0.46, -0.643, -0.8465, -1.065, -0.623, -0.928, -1.1345, -0.868, -0.575, -1.2035, -0.746, -0.7835, -0.6185, -1.0465, -0.7285, -0.6695, -1.354, -0.695, -0.7085, -0.376, -0.756, -1.2245, -0.613, -0.947, -1.053, -0.7795, -1.031, -1.222, -0.861, -0.6845, -0.674, -0.83, -0.746, -0.1655, -0.938, -0.648, -0.9335, -0.669, -0.861, -0.9805, -0.644, -0.7645, -0.96, -1.122, -0.554, -1.143, -0.7605, -0.547, -0.845, -0.754, -1.183, -1.12, -0.934, -0.817, -1.1805, -0.816, -0.4015, -0.308, -1.107, -0.521, -0.6245, -0.625, -0.392, -0.785, -0.629, -1.289, -0.979, -0.628, -0.6315, -0.993, -1.037, -0.4745, -0.822, -0.93, -0.521, -0.9775, -0.4075, -0.9975, -0.7105, -0.922, -0.8155, -0.73, -0.779, -0.768, -0.764, -0.766, -0.8215, -0.703, -0.631, -0.353, -0.8465, -0.4475, -0.421, -0.334, -0.9985, -0.4875, -0.4595, -0.984, -0.818, -0.8385, -0.629, -0.374, -1.079, -0.503, -1.268, -0.3135, -0.9245, -0.611, -1.1555, -0.284, -0.7215, -1.2525, -0.9685, -0.53, -0.6245, -0.9315, -0.752, -0.678, -0.5935, -0.7075, -1.0365, -0.645, -1.055, -1.123, -0.954, -0.441, -0.863, -0.854, -1.3255, -0.8425, -0.648, -0.9195, -1.075, -0.671, -0.9295, -1.0465, -0.5095, -0.771, -1.1535, -1.1175, -0.963, -0.8715, -0.4885, -0.7145, -1.0645, -0.969, -0.8835, -0.893, -1.201, -1.073, -0.956, -1.165, -0.6355, -1.0665, -0.903, -0.549, -1.229, -0.8675, -0.833, -1.2345, -0.6485, -0.9105, -1.0485, -0.6955, -0.7315, -0.8815, -0.558, -0.7, -0.554, -0.7695, -0.7025, -0.939, -0.728, -0.509, -0.903, -0.438, -1.0915, -1.2875, -0.9435, -0.6165, -0.962, -1.41, -1.4365, -1.2395, -0.9485, -0.644, -0.336, -0.6935, -1.0215, -0.697, -1.002, -0.835, -0.908, -1.0645, -0.8025, -1.064, -0.712, -0.778, -0.903, -0.813, -0.508, -0.96, -1.047, -0.486, -0.851, -0.6395, -0.9635, -0.9435, -1.04, -0.9675, -1.0735, -0.6175, -0.298, 0.005, -0.554, -0.919, -0.741, -0.461, -0.5295, -0.9375, -0.534, -1.06, -0.7705, -0.5605, -0.9365, -0.6985, -0.501, -0.523, -0.34, -0.42, -0.5535, -0.4475], \"xvals\":[195.784, 196.155, 196.527, 196.898, 197.269, 197.641, 198.012, 198.383, 198.754, 199.125, 199.496, 199.866, 200.237, 200.607, 200.978, 201.348, 201.719, 202.089, 202.459, 202.829, 203.199, 203.569, 203.939, 204.308, 204.678, 205.047, 205.417, 205.786, 206.155, 206.524, 206.894, 207.263, 207.631, 208, 208.369, 208.738, 209.106, 209.475, 209.843, 210.211, 210.58, 210.948, 211.316, 211.684, 212.052, 212.419, 212.787, 213.155, 213.522, 213.89, 214.257, 214.624, 214.991, 215.358, 215.726, 216.092, 216.459, 216.826, 217.193, 217.559, 217.926, 218.292, 218.658, 219.025, 219.391, 219.757, 220.123, 220.489, 220.855, 221.22, 221.586, 221.951, 222.317, 222.682, 223.048, 223.413, 223.778, 224.143, 224.508, 224.873, 225.238, 225.602, 225.967, 226.331, 226.696, 227.06, 227.424, 227.789, 228.153, 228.517, 228.881, 229.244, 229.608, 229.972, 230.335, 230.699, 231.062, 231.426, 231.789, 232.152, 232.515, 232.878, 233.241, 233.604, 233.966, 234.329, 234.692, 235.054, 235.417, 235.779, 236.141, 236.503, 236.865, 237.227, 237.589, 237.951, 238.313, 238.674, 239.036, 239.397, 239.759, 240.12, 240.481, 240.842, 241.203, 241.564, 241.925, 242.286, 242.646, 243.007, 243.368, 243.728, 244.088, 244.449, 244.809, 245.169, 245.529, 245.889, 246.249, 246.608, 246.968, 247.328, 247.687, 248.047, 248.406, 248.765, 249.124, 249.483, 249.842, 250.201, 250.56, 250.919, 251.278, 251.636, 251.995, 252.353, 252.711, 253.07, 253.428, 253.786, 254.144, 254.502, 254.859, 255.217, 255.575, 255.932, 256.29, 256.647, 257.005, 257.362, 257.719, 258.076, 258.433, 258.79, 259.147, 259.503, 259.86, 260.217, 260.573, 260.93, 261.286, 261.642, 261.998, 262.354, 262.71, 263.066, 263.422, 263.778, 264.133, 264.489, 264.844, 265.2, 265.555, 265.91, 266.265, 266.62, 266.975, 267.33, 267.685, 268.04, 268.394, 268.749, 269.103, 269.458, 269.812, 270.166, 270.52, 270.875, 271.228, 271.582, 271.936, 272.29, 272.644, 272.997, 273.351, 273.704, 274.057, 274.41, 274.764, 275.117, 275.47, 275.823, 276.175, 276.528, 276.881, 277.233, 277.586, 277.938, 278.29, 278.643, 278.995, 279.347, 279.699, 280.051, 280.402, 280.754, 281.106, 281.457, 281.809, 282.16, 282.512, 282.863, 283.214, 283.565, 283.916, 284.267, 284.618, 284.968, 285.319, 285.67, 286.02, 286.371, 286.721, 287.071, 287.421, 287.771, 288.121, 288.471, 288.821, 289.171, 289.521, 289.87, 290.22, 290.569, 290.918, 291.268, 291.617, 291.966, 292.315, 292.664, 293.013, 293.361, 293.71, 294.059, 294.407, 294.756, 295.104, 295.452, 295.8, 296.148, 296.497, 296.844, 297.192, 297.54, 297.888, 298.235, 298.583, 298.93, 299.278, 299.625, 299.972, 300.319, 300.666, 301.013, 301.36, 301.707, 302.054, 302.4, 302.747, 303.093, 303.44, 303.786, 304.132, 304.478, 304.824, 305.17, 305.516, 305.862, 306.208, 306.554, 306.899, 307.245, 307.59, 307.935, 308.281, 308.626, 308.971, 309.316, 309.661, 310.006, 310.35, 310.695, 311.04, 311.384, 311.728, 312.073, 312.417, 312.761, 313.105, 313.449, 313.793, 314.137, 314.481, 314.825, 315.168, 315.512, 315.855, 316.199, 316.542, 316.885, 317.228, 317.571, 317.914, 318.257, 318.6, 318.943, 319.285, 319.628, 319.971, 320.313, 320.655, 320.997, 321.34, 321.682, 322.024, 322.366, 322.708, 323.049, 323.391, 323.733, 324.074, 324.416, 324.757, 325.098, 325.439, 325.78, 326.122, 326.462, 326.803, 327.144, 327.485, 327.825, 328.166, 328.507, 328.847, 329.187, 329.527, 329.868, 330.208, 330.548, 330.888, 331.227, 331.567, 331.907, 332.246, 332.586, 332.925, 333.265, 333.604, 333.943, 334.282, 334.621, 334.96, 335.299, 335.638, 335.977, 336.315, 336.654, 336.992, 337.331, 337.669, 338.007, 338.345, 338.683, 339.021, 339.359, 339.697, 340.035, 340.373, 340.71, 341.048, 341.385, 341.723, 342.06, 342.397, 342.734, 343.071, 343.408, 343.745, 344.082, 344.419, 344.755, 345.092, 345.428, 345.765, 346.101, 346.437, 346.773, 347.109, 347.445, 347.781, 348.117, 348.453, 348.789, 349.124, 349.46, 349.795, 350.131, 350.466, 350.801, 351.136, 351.471, 351.806, 352.141, 352.476, 352.811, 353.145, 353.48, 353.815, 354.149, 354.483, 354.818, 355.152, 355.486, 355.82, 356.154, 356.488, 356.822, 357.155, 357.489, 357.822, 358.156, 358.489, 358.823, 359.156, 359.489, 359.822, 360.155, 360.488, 360.821, 361.154, 361.486, 361.819, 362.152, 362.484, 362.816, 363.149, 363.481, 363.813, 364.145, 364.477, 364.809, 365.141, 365.473, 365.804, 366.136, 366.467, 366.799, 367.13, 367.461, 367.793, 368.124, 368.455, 368.786, 369.117, 369.448, 369.778, 370.109, 370.439, 370.77, 371.1, 371.431, 371.761, 372.091, 372.421, 372.751, 373.081, 373.411, 373.741, 374.071, 374.4, 374.73, 375.059, 375.389, 375.718, 376.047, 376.377, 376.706, 377.035, 377.364, 377.693, 378.021, 378.35, 378.679, 379.007, 379.336, 379.664, 379.992, 380.321, 380.649, 380.977, 381.305, 381.633, 381.961, 382.289, 382.616, 382.944, 383.271, 383.599, 383.926, 384.254, 384.581, 384.908, 385.235, 385.562, 385.889, 386.216, 386.543, 386.869, 387.196, 387.523, 387.849, 388.175, 388.502, 388.828, 389.154, 389.48, 389.806, 390.132, 390.458, 390.784, 391.109, 391.435, 391.761, 392.086, 392.411, 392.737, 393.062, 393.387, 393.712, 394.037, 394.362, 394.687, 395.012, 395.337, 395.661, 395.986, 396.31, 396.635, 396.959, 397.283, 397.607, 397.931, 398.255, 398.579, 398.903, 399.227, 399.551, 399.874, 400.198, 400.521, 400.845, 401.168, 401.491, 401.814, 402.138, 402.461, 402.784, 403.106, 403.429, 403.752, 404.075, 404.397, 404.72, 405.042, 405.364, 405.687, 406.009, 406.331, 406.653, 406.975, 407.297, 407.619, 407.94, 408.262, 408.583, 408.905, 409.226, 409.548, 409.869, 410.19, 410.511, 410.832, 411.153, 411.474, 411.795, 412.116, 412.436, 412.757, 413.078, 413.398, 413.718, 414.039, 414.359, 414.679, 414.999, 415.319, 415.639, 415.959, 416.279, 416.598, 416.918, 417.237, 417.557, 417.876, 418.195, 418.515, 418.834, 419.153, 419.472, 419.791, 420.11, 420.428, 420.747, 421.066, 421.384, 421.703, 422.021, 422.34, 422.658, 422.976, 423.294, 423.612, 423.93, 424.248, 424.566, 424.883, 425.201, 425.519, 425.836, 426.154, 426.471, 426.788, 427.105, 427.423, 427.74, 428.057, 428.373, 428.69, 429.007, 429.324, 429.64, 429.957, 430.273, 430.59, 430.906, 431.222, 431.538, 431.854, 432.17, 432.486, 432.802, 433.118, 433.434, 433.749, 434.065, 434.38, 434.696, 435.011, 435.326, 435.642, 435.957, 436.272, 436.587, 436.902, 437.216, 437.531, 437.846, 438.16, 438.475, 438.789, 439.104, 439.418, 439.732, 440.046, 440.36, 440.674, 440.988, 441.302, 441.616, 441.93, 442.243, 442.557, 442.87, 443.184, 443.497, 443.81, 444.124, 444.437, 444.75, 445.063, 445.376, 445.688, 446.001, 446.314, 446.626, 446.939, 447.251, 447.564, 447.876, 448.188, 448.5, 448.812, 449.124, 449.436, 449.748, 450.06, 450.372, 450.683, 450.995, 451.306, 451.618, 451.929, 452.24, 452.552, 452.863, 453.174, 453.485, 453.796, 454.107, 454.417, 454.728, 455.039, 455.349, 455.66, 455.97, 456.28, 456.59, 456.901, 457.211, 457.521, 457.831, 458.141, 458.45, 458.76, 459.07, 459.379, 459.689, 459.998, 460.308, 460.617, 460.926, 461.235, 461.544, 461.853, 462.162, 462.471, 462.78, 463.089, 463.397, 463.706, 464.014, 464.323, 464.631, 464.939, 465.248, 465.556, 465.864, 466.172, 466.48, 466.788, 467.095, 467.403, 467.711, 468.018, 468.326, 468.633, 468.94, 469.248, 469.555, 469.862, 470.169, 470.476, 470.783, 471.09, 471.396, 471.703, 472.01, 472.316, 472.623, 472.929, 473.235, 473.542, 473.848, 474.154, 474.46, 474.766, 475.072, 475.378, 475.683, 475.989, 476.295, 476.6, 476.906, 477.211, 477.516, 477.821, 478.127, 478.432, 478.737, 479.042, 479.347, 479.651, 479.956, 480.261, 480.565, 480.87, 481.174, 481.479, 481.783, 482.087, 482.391, 482.695, 482.999, 483.303, 483.607, 483.911, 484.215, 484.519, 484.822, 485.126, 485.429, 485.732, 486.036, 486.339, 486.642, 486.945, 487.248, 487.551, 487.854, 488.157, 488.46, 488.762, 489.065, 489.367, 489.67, 489.972, 490.274, 490.577, 490.879, 491.181, 491.483, 491.785, 492.087, 492.389, 492.69, 492.992, 493.294, 493.595, 493.897, 494.198, 494.499, 494.8, 495.102, 495.403, 495.704, 496.005, 496.306, 496.606, 496.907, 497.208, 497.508, 497.809, 498.109, 498.41, 498.71, 499.01, 499.31, 499.611, 499.911, 500.211, 500.51, 500.81, 501.11, 501.41, 501.709, 502.009, 502.308, 502.608, 502.907, 503.206, 503.506, 503.805, 504.104, 504.403, 504.702, 505, 505.299, 505.598, 505.896, 506.195, 506.494, 506.792, 507.09, 507.389, 507.687, 507.985, 508.283, 508.581, 508.879, 509.177, 509.475, 509.772, 510.07, 510.367, 510.665, 510.962, 511.26, 511.557, 511.854, 512.151, 512.448, 512.745, 513.042, 513.339, 513.636, 513.933, 514.23, 514.526, 514.823, 515.119, 515.415, 515.712, 516.008, 516.304, 516.6, 516.896, 517.192, 517.488, 517.784, 518.08, 518.376, 518.671, 518.967, 519.262, 519.558, 519.853, 520.148, 520.443, 520.739, 521.034, 521.329, 521.624, 521.918, 522.213, 522.508, 522.803, 523.097, 523.392, 523.686, 523.98, 524.275, 524.569, 524.863, 525.157, 525.451, 525.745, 526.039, 526.333, 526.627, 526.92, 527.214, 527.508, 527.801, 528.094, 528.388, 528.681, 528.974, 529.267, 529.56, 529.853, 530.146, 530.439, 530.732, 531.025, 531.317, 531.61, 531.902, 532.195, 532.487, 532.78, 533.072, 533.364, 533.656, 533.948, 534.24, 534.532, 534.824, 535.116, 535.407, 535.699, 535.99, 536.282, 536.573, 536.865, 537.156, 537.447, 537.738, 538.029, 538.32, 538.611, 538.902, 539.193, 539.484, 539.774, 540.065, 540.356, 540.646, 540.936, 541.227, 541.517, 541.807, 542.097, 542.387, 542.677, 542.967, 543.257, 543.547, 543.837, 544.126, 544.416, 544.705, 544.995, 545.284, 545.573, 545.863, 546.152, 546.441, 546.73, 547.019, 547.308, 547.597, 547.885, 548.174, 548.463, 548.751, 549.04, 549.328, 549.617, 549.905, 550.193, 550.481, 550.769, 551.057, 551.345, 551.633, 551.921, 552.209, 552.496, 552.784, 553.072, 553.359, 553.647, 553.934, 554.221, 554.508, 554.795, 555.083, 555.37, 555.657, 555.943, 556.23, 556.517, 556.804, 557.09, 557.377, 557.663, 557.95, 558.236, 558.522, 558.808, 559.095, 559.381, 559.667, 559.953, 560.239, 560.524, 560.81, 561.096, 561.381, 561.667, 561.952, 562.238, 562.523, 562.808, 563.094, 563.379, 563.664, 563.949, 564.234, 564.519, 564.803, 565.088, 565.373, 565.657, 565.942, 566.226, 566.511, 566.795, 567.079, 567.364, 567.648, 567.932, 568.216, 568.5, 568.784, 569.067, 569.351, 569.635, 569.918, 570.202, 570.485, 570.769, 571.052, 571.335, 571.619, 571.902, 572.185, 572.468, 572.751, 573.034, 573.317, 573.599, 573.882, 574.165, 574.447, 574.73, 575.012, 575.294, 575.577, 575.859, 576.141, 576.423, 576.705, 576.987, 577.269, 577.551, 577.833, 578.114, 578.396, 578.677, 578.959, 579.24, 579.522, 579.803, 580.084, 580.365, 580.647, 580.928, 581.209, 581.489, 581.77, 582.051, 582.332, 582.612, 582.893, 583.174, 583.454, 583.734, 584.015, 584.295, 584.575, 584.855, 585.135, 585.415, 585.695, 585.975, 586.255, 586.535, 586.814, 587.094, 587.373, 587.653, 587.932, 588.212, 588.491, 588.77, 589.049, 589.328, 589.607, 589.886, 590.165, 590.444, 590.723, 591.001, 591.28, 591.559, 591.837, 592.115, 592.394, 592.672, 592.95, 593.229, 593.507, 593.785, 594.063, 594.341, 594.618, 594.896, 595.174, 595.452, 595.729, 596.007, 596.284, 596.562, 596.839, 597.116, 597.393, 597.67, 597.947, 598.225, 598.501, 598.778, 599.055, 599.332, 599.609, 599.885, 600.162, 600.438, 600.715, 600.991, 601.267, 601.544, 601.82, 602.096, 602.372, 602.648, 602.924, 603.2, 603.475, 603.751, 604.027, 604.302, 604.578, 604.853, 605.129, 605.404, 605.679, 605.955, 606.23, 606.505, 606.78, 607.055, 607.33, 607.604, 607.879, 608.154, 608.429, 608.703, 608.978, 609.252, 609.526, 609.801, 610.075, 610.349, 610.623, 610.897, 611.171, 611.445, 611.719, 611.993, 612.267, 612.54, 612.814, 613.088, 613.361, 613.634, 613.908, 614.181, 614.454, 614.728, 615.001, 615.274, 615.547, 615.82, 616.092, 616.365, 616.638, 616.911, 617.183, 617.456, 617.728, 618.001, 618.273, 618.545, 618.818, 619.09, 619.362, 619.634, 619.906, 620.178, 620.45, 620.721, 620.993, 621.265, 621.536, 621.808, 622.079, 622.351, 622.622, 622.893, 623.164, 623.436, 623.707, 623.978, 624.249, 624.52, 624.79, 625.061, 625.332, 625.603, 625.873, 626.144, 626.414, 626.685, 626.955, 627.225, 627.495, 627.766, 628.036, 628.306, 628.576, 628.846, 629.115, 629.385, 629.655, 629.925, 630.194, 630.464, 630.733, 631.002, 631.272, 631.541, 631.81, 632.079, 632.349, 632.618, 632.887, 633.155, 633.424, 633.693, 633.962, 634.23, 634.499, 634.768, 635.036, 635.304, 635.573, 635.841, 636.109, 636.377, 636.646, 636.914, 637.182, 637.449, 637.717, 637.985, 638.253, 638.52, 638.788, 639.056, 639.323, 639.591, 639.858, 640.125, 640.392, 640.66, 640.927, 641.194, 641.461, 641.728, 641.995, 642.261, 642.528, 642.795, 643.061, 643.328, 643.594, 643.861, 644.127, 644.394, 644.66, 644.926, 645.192, 645.458, 645.724, 645.99, 646.256, 646.522, 646.788, 647.053, 647.319, 647.584, 647.85, 648.115, 648.381, 648.646, 648.911, 649.177, 649.442, 649.707, 649.972, 650.237, 650.502, 650.767, 651.031, 651.296, 651.561, 651.825, 652.09, 652.354, 652.619, 652.883, 653.147, 653.412, 653.676, 653.94, 654.204, 654.468, 654.732, 654.996, 655.26, 655.523, 655.787, 656.051, 656.314, 656.578, 656.841, 657.105, 657.368, 657.631, 657.894, 658.157, 658.421, 658.684, 658.947, 659.209, 659.472, 659.735, 659.998, 660.26, 660.523, 660.786, 661.048, 661.31, 661.573, 661.835, 662.097, 662.36, 662.622, 662.884, 663.146, 663.408, 663.67, 663.931, 664.193, 664.455, 664.716, 664.978, 665.24, 665.501, 665.762, 666.024, 666.285, 666.546, 666.807, 667.068, 667.329, 667.59, 667.851, 668.112, 668.373, 668.634, 668.894, 669.155, 669.416, 669.676, 669.937, 670.197, 670.457, 670.718, 670.978, 671.238, 671.498, 671.758, 672.018, 672.278, 672.538, 672.797, 673.057, 673.317, 673.576, 673.836, 674.096, 674.355, 674.614, 674.874, 675.133, 675.392, 675.651, 675.91, 676.169, 676.428, 676.687, 676.946, 677.205, 677.463, 677.722, 677.981, 678.239, 678.498, 678.756, 679.015, 679.273, 679.531, 679.789, 680.047, 680.305, 680.564, 680.821, 681.079, 681.337, 681.595, 681.853, 682.11, 682.368, 682.625, 682.883, 683.14, 683.398, 683.655, 683.912, 684.169, 684.427, 684.684, 684.941, 685.198, 685.455, 685.711, 685.968, 686.225, 686.482, 686.738, 686.995, 687.251, 687.508, 687.764, 688.02, 688.277, 688.533, 688.789, 689.045, 689.301, 689.557, 689.813, 690.069, 690.324, 690.58, 690.836, 691.091, 691.347, 691.603, 691.858, 692.113, 692.369, 692.624, 692.879, 693.134, 693.389, 693.644, 693.899, 694.154, 694.409, 694.664, 694.919, 695.173, 695.428, 695.683, 695.937, 696.192, 696.446, 696.7, 696.955, 697.209, 697.463, 697.717, 697.971, 698.225, 698.479, 698.733, 698.987, 699.24, 699.494, 699.748, 700.001, 700.255, 700.508, 700.762, 701.015, 701.268, 701.522, 701.775, 702.028, 702.281, 702.534, 702.787, 703.04, 703.293, 703.546, 703.798, 704.051, 704.304, 704.556, 704.809, 705.061, 705.313, 705.566, 705.818, 706.07, 706.322, 706.575, 706.827, 707.079, 707.33, 707.582, 707.834, 708.086, 708.338, 708.589, 708.841, 709.092, 709.344, 709.595, 709.847, 710.098, 710.349, 710.6, 710.851, 711.103, 711.354, 711.605, 711.855, 712.106, 712.357, 712.608, 712.858, 713.109, 713.36, 713.61, 713.861, 714.111, 714.361, 714.612, 714.862, 715.112, 715.362, 715.612, 715.862, 716.112, 716.362, 716.612, 716.862, 717.111, 717.361, 717.611, 717.86, 718.11, 718.359, 718.608, 718.858, 719.107, 719.356, 719.605, 719.855, 720.104, 720.353, 720.601, 720.85, 721.099, 721.348, 721.597, 721.845, 722.094, 722.342, 722.591, 722.839, 723.088, 723.336, 723.584, 723.833, 724.081, 724.329, 724.577, 724.825, 725.073, 725.321, 725.568, 725.816, 726.064, 726.311, 726.559, 726.807, 727.054, 727.302, 727.549, 727.796, 728.043, 728.291, 728.538, 728.785, 729.032, 729.279, 729.526, 729.773, 730.02, 730.266, 730.513, 730.76, 731.006, 731.253, 731.499, 731.746, 731.992, 732.238, 732.485, 732.731, 732.977, 733.223, 733.469, 733.715, 733.961, 734.207, 734.453, 734.699, 734.944, 735.19, 735.436, 735.681, 735.927, 736.172, 736.417, 736.663, 736.908, 737.153, 737.398, 737.643, 737.889, 738.134, 738.378, 738.623, 738.868, 739.113, 739.358, 739.602, 739.847, 740.092, 740.336, 740.58, 740.825, 741.069, 741.314, 741.558, 741.802, 742.046, 742.29, 742.534, 742.778, 743.022, 743.266, 743.51, 743.753, 743.997, 744.241, 744.484, 744.728, 744.971, 745.215, 745.458, 745.701, 745.945, 746.188, 746.431, 746.674, 746.917, 747.16, 747.403, 747.646, 747.889, 748.132, 748.374, 748.617, 748.86, 749.102, 749.345, 749.587, 749.829, 750.072, 750.314, 750.556, 750.798, 751.041, 751.283, 751.525, 751.767, 752.009, 752.25, 752.492, 752.734, 752.976, 753.217, 753.459, 753.7, 753.942, 754.183, 754.425, 754.666, 754.907, 755.148, 755.39, 755.631, 755.872, 756.113, 756.354, 756.595, 756.835, 757.076, 757.317, 757.558, 757.798, 758.039, 758.279, 758.52, 758.76, 759.001, 759.241, 759.481, 759.721, 759.961, 760.202, 760.442, 760.682, 760.921, 761.161, 761.401, 761.641, 761.881, 762.12, 762.36, 762.6, 762.839, 763.078, 763.318, 763.557, 763.797, 764.036, 764.275, 764.514, 764.753, 764.992, 765.231, 765.47, 765.709, 765.948, 766.187, 766.425, 766.664, 766.903, 767.141, 767.38, 767.618, 767.856, 768.095, 768.333, 768.571, 768.81, 769.048, 769.286, 769.524, 769.762, 770, 770.238, 770.475, 770.713, 770.951, 771.189, 771.426, 771.664, 771.901, 772.139, 772.376, 772.613, 772.851, 773.088, 773.325, 773.562, 773.799, 774.037, 774.274, 774.51, 774.747, 774.984, 775.221, 775.458, 775.694, 775.931, 776.168, 776.404, 776.641, 776.877, 777.113, 777.35, 777.586, 777.822, 778.058, 778.294, 778.53, 778.766, 779.002, 779.238, 779.474, 779.71, 779.946, 780.181, 780.417, 780.653, 780.888, 781.124, 781.359, 781.594, 781.83, 782.065, 782.3, 782.535, 782.771, 783.006, 783.241, 783.476, 783.711, 783.945, 784.18, 784.415, 784.65, 784.884, 785.119, 785.354, 785.588, 785.823, 786.057, 786.291, 786.526, 786.76, 786.994, 787.228, 787.462, 787.696, 787.93, 788.164, 788.398, 788.632, 788.866, 789.1, 789.333, 789.567, 789.801, 790.034, 790.268, 790.501, 790.734, 790.968, 791.201, 791.434, 791.668, 791.901, 792.134, 792.367, 792.6, 792.833, 793.066, 793.298, 793.531, 793.764, 793.997, 794.229, 794.462, 794.694, 794.927, 795.159, 795.392, 795.624, 795.856, 796.088, 796.321, 796.553, 796.785, 797.017, 797.249, 797.481, 797.713, 797.944, 798.176, 798.408, 798.64, 798.871, 799.103, 799.334, 799.566, 799.797, 800.029, 800.26, 800.491, 800.722, 800.954, 801.185, 801.416, 801.647, 801.878, 802.109, 802.34, 802.57, 802.801, 803.032, 803.263, 803.493, 803.724, 803.954, 804.185, 804.415, 804.646] }' );"


============

	std::string query_string = "SELECT values->'formula' FROM data WHERE name='calibration_curve'"
	                           " AND values->'formula' IS NOT NULL AND"
	                           " AND values->'led'="+m_data->postgres.pqxx_quote(ledToAnalyse)+
	                           " AND values->'method'="+m_data->postgres.pqxx_quote(method)+
	                           " AND values->'version'="+m_data->postgres.pqxx_quote(calibID);
	
	query_string = " SELECT values->'params' FROM data WHERE name='calibration_curve'"
	               " AND values->'params' IS NOT NULL AND values->'led' IS NOT NULL"
	               " AND values->'method' IS NOT NULL AND values->'version' IS NOT NULL"
	               " AND values->'led'="+m_data->postgres.pqxx_quote(ledToAnalyse)+
	               " AND values->'method'="+m_data->postgres.pqxx_quote(method)+
	               " AND values->'version'=" + m_data->postgres.pqxx_quote(calibID);

============


psql -U postgres -d rundb -c "INSERT INTO data ( timestamp, name, values ) VALUES ( '2022-07-08 14:58', 'calibration_curve', '{\"led\":\"275_A\", \"method\":\"complex\", \"version\":0, \"formula\":\"pol6\", \"params\":[0.00277086, 2.26342, -6.38117, -8.92198, 47.0578, 258.942, -922.178] }' );"

psql -U postgres -d rundb -c "INSERT INTO data ( timestamp, name, values ) VALUES ( '2022-07-08 14:58', 'calibration_curve', '{\"led\":\"275_A\", \"method\":\"raw\", \"version\":0, \"formula\":\"pol6\", \"params\":[0.0017457, 2.42337, -5.81808, -14.484, 54.9596, 333.133, -1174.21] }' );"

psql -U postgres -d rundb -c "INSERT INTO data ( timestamp, name, values ) VALUES ( '2022-07-08 14:58', 'calibration_curve', '{\"led\":\"275_A\", \"method\":\"simple\", \"version\":0, \"formula\":\"pol6\", \"params\":[0.00249119, 2.26229, -7.18284, -2.78753, 56.1102, 78.6887, -540.858] }' );"

psql -U postgres -d rundb -c "INSERT INTO data ( timestamp, name, values ) VALUES ( '2022-07-08 14:58', 'calibration_curve', '{\"led\":\"275_B\", \"method\":\"complex\", \"version\":0, \"formula\":\"pol6\", \"params\":[0.000790017, 2.34122, -6.77089, -11.1896, 58.5915, 385.539, -1477.53] }' );"

psql -U postgres -d rundb -c "INSERT INTO data ( timestamp, name, values ) VALUES ( '2022-07-08 14:58', 'calibration_curve', '{\"led\":\"275_B\", \"method\":\"raw\", \"version\":0, \"formula\":\"pol6\", \"params\":[0.000430035, 2.47161, -5.62403, -14.9414, 51.2698, 327.325, -1095.68] }' );"

psql -U postgres -d rundb -c "INSERT INTO data ( timestamp, name, values ) VALUES ( '2022-07-08 14:58', 'calibration_curve', '{\"led\":\"275_B\", \"method\":\"simple\", \"version\":0, \"formula\":\"pol6\", \"params\":[0.000585706, 2.32517, -7.6287, -1.14713, 60.145, 27.5249, -433.1] }' );"


